344.945680	-13.240789
345.162997	-13.240789
345.380301	-13.240789
345.597591	46.774779
345.814867	76.782564
346.032129	76.782564
346.249378	40.773223
346.466613	48.775298
346.683835	62.778931
346.901043	32.771147
347.118237	48.775298
347.335418	-65.254281
347.552585	34.771666
347.769738	58.777893
347.986878	38.772704
348.204003	98.788272
348.421116	46.774779
348.638214	24.769071
348.855299	60.778412
349.072370	106.790348
349.289428	52.776336
349.506472	118.793461
349.723502	54.776855
349.940518	16.766995
350.157521	4.763882
350.374510	40.773223
350.591485	90.786196
350.808447	106.790348
351.025395	114.792423
351.242329	-7.239232
351.459250	54.776855
351.676157	52.776336
351.893050	100.788791
352.109930	44.774261
352.326795	-9.239751
352.543647	78.783083
352.760486	4.763882
352.977310	44.774261
353.194121	96.787753
353.410919	10.765439
353.627702	18.767514
353.844472	80.783601
354.061228	88.785677
354.277970	78.783083
354.494699	8.764920
354.711414	48.775298
354.928115	54.776855
355.144802	98.788272
355.361476	78.783083
355.578136	-13.240789
355.794782	62.778931
356.011415	54.776855
356.228034	32.771147
356.444639	82.784120
356.661230	56.777374
356.877808	54.776855
357.094371	78.783083
357.310921	54.776855
357.527458	60.778412
357.743980	142.799689
357.960489	74.782045
358.176984	82.784120
358.393465	82.784120
358.609933	36.772185
358.826387	70.781007
359.042827	64.779450
359.259253	20.768033
359.475666	84.784639
359.692064	12.765957
359.908449	118.793461
360.124821	34.771666
360.341178	96.787753
360.557522	168.806435
360.773852	-11.240270
360.990168	22.768552
361.206470	88.785677
361.422759	58.777893
361.639033	74.782045
361.855294	-31.245459
362.071542	90.786196
362.287775	134.797613
362.503995	68.780488
362.720201	80.783601
362.936393	34.771666
363.152571	56.777374
363.368735	34.771666
363.584886	56.777374
363.801023	126.795537
364.017146	116.792942
364.233255	94.787234
364.449351	136.798132
364.665433	30.770628
364.881500	146.800727
365.097554	32.771147
365.313595	106.790348
365.529621	98.788272
365.745634	114.792423
365.961633	36.772185
366.177618	42.773742
366.393589	48.775298
366.609546	68.780488
366.825490	-3.238194
367.041419	120.793980
367.257335	88.785677
367.473237	142.799689
367.689126	72.781526
367.905000	112.791905
368.120861	78.783083
368.336707	46.774779
368.552540	138.798651
368.768359	114.792423
368.984165	58.777893
369.199956	26.769590
369.415734	38.772704
369.631497	120.793980
369.847247	124.795018
370.062983	8.764920
370.278705	4.763882
370.494414	78.783083
370.710108	82.784120
370.925789	108.790867
371.141456	86.785158
371.357108	92.786715
371.572747	66.779969
371.788373	76.782564
372.003984	152.802283
372.219581	126.795537
372.435165	108.790867
372.650735	108.790867
372.866291	4.763882
373.081833	114.792423
373.297361	118.793461
373.512875	104.789829
373.728375	24.769071
373.943862	36.772185
374.159334	112.791905
374.374793	22.768552
374.590238	154.802802
374.805669	58.777893
375.021086	112.791905
375.236489	70.781007
375.451878	54.776855
375.667254	148.801245
375.882615	52.776336
376.097963	106.790348
376.313296	74.782045
376.528616	150.801764
376.743922	0.762844
376.959214	56.777374
377.174492	84.784639
377.389756	104.789829
377.605007	78.783083
377.820243	146.800727
378.035466	126.795537
378.250674	112.791905
378.465869	94.787234
378.681050	78.783083
378.896216	76.782564
379.111369	58.777893
379.326508	186.811105
379.541633	78.783083
379.756744	146.800727
379.971841	64.779450
380.186925	56.777374
380.401994	152.802283
380.617049	110.791386
380.832091	48.775298
381.047118	114.792423
381.262132	94.787234
381.477132	190.812143
381.692117	94.787234
381.907089	142.799689
382.122047	116.792942
382.336991	42.773742
382.551921	146.800727
382.766837	170.806954
382.981739	178.809030
383.196627	56.777374
383.411501	156.803321
383.626361	104.789829
383.841207	104.789829
384.056040	96.787753
384.270858	142.799689
384.485662	140.799170
384.700453	222.820446
384.915229	170.806954
385.129992	182.810067
385.344740	258.829787
385.559475	292.838609
385.774195	230.822522
385.988902	252.828230
386.203594	186.811105
386.418273	296.839647
386.632937	340.851064
386.847588	430.874416
387.062225	488.889465
387.276847	528.899844
387.491456	538.902439
387.706051	660.934094
387.920631	726.951220
388.135198	890.993773
388.349751	862.986508
388.564290	900.996367
388.778814	937.005708
388.993325	947.008303
389.207822	969.014011
389.422305	947.008303
389.636773	993.020239
389.851228	1079.042553
390.065669	921.001557
390.280095	1043.033212
390.494508	1037.031655
390.708907	1235.083031
390.923291	1523.157758
391.137662	1883.251168
391.352019	2141.318111
391.566361	2665.454074
391.780690	3133.575506
391.995004	3585.692787
392.209305	4193.850545
392.423592	5130.093409
392.637864	5412.166580
392.852122	6342.407888
393.066367	6632.483134
393.280597	7240.640893
393.494814	7536.717696
393.709016	8506.969382
393.923204	9019.102231
394.137379	9553.240789
394.351539	10225.415153
394.565685	11021.621692
394.779817	11993.873897
394.993935	12562.021277
395.208039	12986.131292
395.422129	13754.330566
395.636205	14144.431759
395.850267	15254.719772
396.064315	15590.806954
396.278348	16298.990659
396.492368	17383.271925
396.706374	17861.395952
396.920365	17833.388687
397.134343	18709.615983
397.348306	19227.750389
397.562256	20069.968864
397.776191	20720.137519
397.990112	20406.056046
398.204019	20764.148936
398.417912	22648.637779
398.631791	23192.778931
398.845656	24059.003633
399.059507	24593.142190
399.273344	24365.083031
399.487167	26891.738454
399.700975	28876.253243
399.914770	30512.677737
400.128550	30652.714063
400.342317	32831.279190
400.556069	34689.761287
400.769807	35553.985470
400.983531	37352.451998
401.197241	35413.949144
401.410937	36048.113648
401.624619	34671.756617
401.838286	33191.372600
402.051940	32131.097561
402.265579	31056.818889
402.479205	28342.114686
402.692816	26841.725480
402.906413	26401.611313
403.119996	25083.269331
403.333565	24165.031136
403.547120	24445.103788
403.760660	25331.333679
403.974187	23910.965231
404.187699	25283.321225
404.401198	24697.169175
404.614682	24969.239751
404.828152	24619.148936
405.041608	25469.369486
405.255050	27659.937727
405.468477	27743.959523
405.681891	29276.357032
405.895290	30960.793980
406.108676	32083.085106
406.322047	33853.544369
406.535404	35816.053451
406.748747	39971.131292
406.962075	42173.702647
407.175390	45904.670472
407.388690	48233.274520
407.601976	50435.845874
407.815249	52420.360664
408.028507	54286.844837
408.241750	54911.006746
408.454980	57627.711469
408.668196	59538.207058
408.881397	58557.952776
409.094584	62250.910742
409.307757	59774.268293
409.520916	59940.311365
409.734061	61656.756617
409.947191	60698.508044
410.160307	60216.382979
410.373410	56645.456668
410.586498	55463.149974
410.799572	51964.242346
411.012631	50881.961598
411.225677	46278.767514
411.438708	43049.929943
411.651725	40797.345615
411.864728	35856.063830
412.077717	34433.694862
412.290691	30640.710950
412.503652	27325.851064
412.716598	24983.243383
412.929530	22224.527763
413.142448	19659.862481
413.355351	16843.131811
413.568241	14430.505968
413.781116	12830.090815
413.993977	11347.706279
414.206824	9681.274001
414.419656	8857.060197
414.632475	7834.795018
414.845279	6890.550078
415.058069	6036.328490
415.270845	5656.229891
415.483606	4948.046186
415.696354	4503.930981
415.909087	4175.845874
416.121806	3957.789310
416.334511	3683.718215
416.547201	3361.634665
416.759877	3075.560457
416.972539	2927.522055
417.185187	2709.465490
417.397821	2317.363778
417.610440	2199.333160
417.823045	1741.214323
418.035636	1747.215880
418.248213	1469.143747
418.460775	1345.111572
418.673323	1043.033212
418.885857	1009.024390
419.098377	792.968345
419.310883	716.948625
419.523374	618.923197
419.735851	472.885314
419.948313	530.900363
420.160762	414.870265
420.373196	432.874935
420.585616	444.878049
420.798022	490.889984
421.010413	408.868708
421.222791	418.871303
421.435153	490.889984
421.647502	376.860405
421.859837	432.874935
422.072157	434.875454
422.284463	444.878049
422.496754	396.865594
422.709032	330.848469
422.921295	350.853659
423.133543	296.839647
423.345778	292.838609
423.557998	344.852102
423.770204	236.824079
423.982396	194.813181
424.194573	214.818371
424.406736	308.842761
424.618885	130.796575
424.831020	272.833420
425.043140	100.788791
425.255246	146.800727
425.467338	112.791905
425.679415	164.805397
425.891478	98.788272
426.103527	76.782564
426.315561	148.801245
426.527582	150.801764
426.739588	164.805397
426.951579	64.779450
427.163556	96.787753
427.375519	92.786715
427.587468	126.795537
427.799402	96.787753
428.011322	130.796575
428.223228	66.779969
428.435119	64.779450
428.646997	162.804878
428.858859	98.788272
429.070708	132.797094
429.282542	148.801245
429.494362	90.786196
429.706167	116.792942
429.917958	52.776336
430.129735	116.792942
430.341497	84.784639
430.553246	4.763882
430.764979	112.791905
430.976699	60.778412
431.188404	72.781526
431.400095	76.782564
431.611771	40.773223
431.823433	66.779969
432.035081	68.780488
432.246714	58.777893
432.458334	92.786715
432.669938	82.784120
432.881529	136.798132
433.093105	68.780488
433.304666	116.792942
433.516213	124.795018
433.727746	112.791905
433.939265	90.786196
434.150769	132.797094
434.362259	172.807473
434.573734	140.799170
434.785196	162.804878
434.996642	132.797094
435.208075	188.811624
435.419493	152.802283
435.630896	164.805397
435.842285	120.793980
436.053660	208.816814
436.265021	88.785677
436.476367	94.787234
436.687699	124.795018
436.899016	62.778931
437.110319	42.773742
437.321607	50.775817
437.532881	110.791386
437.744141	132.797094
437.955387	18.767514
438.166618	64.779450
438.377834	40.773223
438.589036	98.788272
438.800224	84.784639
439.011397	64.779450
439.222556	162.804878
439.433701	66.779969
439.644831	84.784639
439.855947	132.797094
440.067048	22.768552
440.278135	44.774261
440.489208	48.775298
440.700266	92.786715
440.911309	80.783601
441.122339	162.804878
441.333353	136.798132
441.544354	130.796575
441.755340	72.781526
441.966311	98.788272
442.177268	20.768033
442.388211	74.782045
442.599139	108.790867
442.810053	106.790348
443.020953	80.783601
443.231837	60.778412
443.442708	120.793980
443.653564	60.778412
443.864406	92.786715
444.075233	58.777893
444.286046	40.773223
444.496844	58.777893
444.707628	184.810586
444.918397	68.780488
445.129152	88.785677
445.339893	38.772704
445.550619	104.789829
445.761330	86.785158
445.972027	56.777374
446.182710	126.795537
446.393378	22.768552
446.604032	6.764401
446.814671	98.788272
447.025296	126.795537
447.235906	98.788272
447.446502	42.773742
447.657083	70.781007
447.867650	-27.244421
448.078203	150.801764
448.288741	96.787753
448.499264	60.778412
448.709773	46.774779
448.920268	104.789829
449.130748	66.779969
449.341213	14.766476
449.551664	96.787753
449.762101	30.770628
449.972523	50.775817
450.182930	88.785677
450.393323	2.763363
450.603702	90.786196
450.814066	50.775817
451.024415	44.774261
451.234751	34.771666
451.445071	48.775298
451.655377	36.772185
451.865669	24.769071
452.075946	28.770109
452.286208	100.788791
452.496456	-13.240789
452.706690	56.777374
452.916909	50.775817
453.127113	68.780488
453.337303	92.786715
453.547479	52.776336
453.757639	74.782045
453.967786	68.780488
454.177918	52.776336
454.388035	40.773223
454.598138	72.781526
454.808226	84.784639
455.018300	72.781526
455.228359	44.774261
455.438404	86.785158
455.648434	74.782045
455.858449	52.776336
456.068450	94.787234
456.278437	4.763882
456.488409	14.766476
456.698366	48.775298
456.908309	100.788791
457.118237	158.803840
457.328151	72.781526
457.538050	66.779969
457.747935	122.794499
457.957805	56.777374
458.167660	26.769590
458.377501	154.802802
458.587328	68.780488
458.797140	12.765957
459.006937	22.768552
459.216719	72.781526
459.426488	52.776336
459.636241	196.813700
459.845980	96.787753
460.055704	70.781007
460.265414	46.774779
460.475110	28.770109
460.684790	60.778412
460.894456	74.782045
461.104108	70.781007
461.313745	2.763363
461.523367	100.788791
461.732975	44.774261
461.942568	116.792942
462.152147	18.767514
462.361710	48.775298
462.571260	36.772185
462.780795	92.786715
462.990315	132.797094
463.199820	-7.239232
463.409311	18.767514
463.618788	80.783601
463.828249	40.773223
464.037697	140.799170
464.247129	126.795537
464.456547	156.803321
464.665950	78.783083
464.875339	118.793461
465.084713	96.787753
465.294073	102.789310
465.503418	24.769071
465.712748	78.783083
465.922063	58.777893
466.131364	58.777893
466.340651	102.789310
466.549922	58.777893
466.759180	74.782045
466.968422	72.781526
467.177650	60.778412
467.386863	42.773742
467.596062	-7.239232
467.805246	16.766995
468.014415	58.777893
468.223569	-7.239232
468.432709	140.799170
468.641835	66.779969
468.850945	42.773742
469.060042	88.785677
469.269123	-25.243902
469.478190	60.778412
469.687242	112.791905
469.896279	132.797094
470.105302	90.786196
470.314310	50.775817
470.523304	-7.239232
470.732282	158.803840
470.941247	84.784639
471.150196	116.792942
471.359131	52.776336
471.568051	50.775817
471.776956	98.788272
471.985847	60.778412
472.194723	36.772185
472.403585	8.764920
472.612432	68.780488
472.821264	92.786715
473.030081	80.783601
473.238884	100.788791
473.447672	-9.239751
473.656445	64.779450
473.865204	56.777374
474.073948	122.794499
474.282677	108.790867
474.491392	22.768552
474.700092	34.771666
474.908777	110.791386
475.117447	56.777374
475.326103	32.771147
475.534744	106.790348
475.743371	136.798132
475.951982	62.778931
476.160579	42.773742
476.369161	154.802802
476.577729	28.770109
476.786282	58.777893
476.994820	38.772704
477.203343	-3.238194
477.411852	68.780488
477.620346	52.776336
477.828825	92.786715
478.037290	46.774779
478.245740	92.786715
478.454175	104.789829
478.662595	80.783601
478.871001	24.769071
479.079392	50.775817
479.287768	-19.242346
479.496129	30.770628
479.704476	90.786196
479.912808	78.783083
480.121125	72.781526
480.329428	132.797094
480.537715	34.771666
480.745988	108.790867
480.954247	14.766476
481.162490	110.791386
481.370719	68.780488
481.578933	64.779450
481.787132	60.778412
481.995316	146.800727
482.203486	46.774779
482.411641	68.780488
482.619781	126.795537
482.827907	20.768033
483.036017	96.787753
483.244113	34.771666
483.452194	64.779450
483.660261	62.778931
483.868312	8.764920
484.076349	74.782045
484.284371	92.786715
484.492379	94.787234
484.700371	66.779969
484.908349	34.771666
485.116312	40.773223
485.324260	104.789829
485.532193	30.770628
485.740112	104.789829
485.948016	68.780488
486.155905	58.777893
486.363779	102.789310
486.571638	58.777893
486.779483	82.784120
486.987313	132.797094
487.195128	0.762844
487.402928	62.778931
487.610713	120.793980
487.818484	96.787753
488.026240	104.789829
488.233981	90.786196
488.441707	70.781007
488.649419	102.789310
488.857115	46.774779
489.064797	66.779969
489.272464	84.784639
489.480116	26.769590
489.687753	26.769590
489.895376	54.776855
490.102983	40.773223
490.310576	60.778412
490.518154	144.800208
490.725718	72.781526
490.933266	10.765439
491.140799	74.782045
491.348318	92.786715
491.555822	110.791386
491.763311	110.791386
491.970785	56.777374
492.178245	40.773223
492.385689	108.790867
492.593119	122.794499
492.800534	94.787234
493.007934	58.777893
493.215319	26.769590
493.422689	32.771147
493.630044	40.773223
493.837385	6.764401
494.044711	16.766995
494.252022	100.788791
494.459318	70.781007
494.666599	38.772704
494.873865	122.794499
495.081116	42.773742
495.288353	36.772185
495.495575	50.775817
495.702782	78.783083
495.909973	32.771147
496.117151	72.781526
496.324313	64.779450
496.531460	104.789829
496.738593	74.782045
496.945710	118.793461
497.152813	54.776855
497.359901	114.792423
497.566974	50.775817
497.774032	76.782564
497.981075	18.767514
498.188103	86.785158
498.395116	88.785677
498.602115	52.776336
498.809098	96.787753
499.016067	44.774261
499.223021	122.794499
499.429960	58.777893
499.636884	40.773223
499.843793	22.768552
500.050687	108.790867
500.257566	64.779450
500.464431	40.773223
500.671280	22.768552
500.878115	-5.238713
501.084934	52.776336
501.291739	70.781007
501.498529	130.796575
501.705304	74.782045
501.912063	-11.240270
502.118809	8.764920
502.325539	86.785158
502.532254	76.782564
502.738954	48.775298
502.945639	48.775298
503.152310	58.777893
503.358965	18.767514
503.565606	80.783601
503.772231	82.784120
503.978842	86.785158
504.185438	56.777374
504.392018	40.773223
504.598584	106.790348
504.805135	-27.244421
505.011671	34.771666
505.218192	62.778931
505.424698	70.781007
505.631189	104.789829
505.837665	-19.242346
506.044127	12.765957
506.250573	66.779969
506.457004	94.787234
506.663420	-1.237675
506.869822	136.798132
507.076208	60.778412
507.282579	28.770109
507.488936	90.786196
507.695277	42.773742
507.901604	46.774779
508.107915	28.770109
508.314212	84.784639
508.520494	0.762844
508.726760	-3.238194
508.933012	46.774779
509.139248	48.775298
509.345470	112.791905
509.551677	78.783083
509.757869	64.779450
509.964045	38.772704
510.170207	110.791386
510.376354	54.776855
510.582485	22.768552
510.788602	22.768552
510.994704	86.785158
511.200791	22.768552
511.406862	30.770628
511.612919	70.781007
511.818961	70.781007
512.024988	38.772704
512.230999	50.775817
512.436996	70.781007
512.642978	90.786196
512.848945	10.765439
513.054896	18.767514
513.260833	76.782564
513.466755	94.787234
513.672661	68.780488
513.878553	88.785677
514.084429	108.790867
514.290291	-35.246497
514.496138	18.767514
514.701969	52.776336
514.907786	10.765439
515.113587	60.778412
515.319373	68.780488
515.525145	60.778412
515.730901	76.782564
515.936642	44.774261
516.142369	28.770109
516.348080	76.782564
516.553776	68.780488
516.759457	88.785677
516.965123	116.792942
517.170775	32.771147
517.376411	116.792942
517.582032	40.773223
517.787637	34.771666
517.993228	56.777374
518.198804	58.777893
518.404365	88.785677
518.609910	62.778931
518.815441	20.768033
519.020957	14.766476
519.226457	44.774261
519.431943	18.767514
519.637413	66.779969
519.842868	4.763882
520.048308	42.773742
520.253734	108.790867
520.459144	60.778412
520.664539	68.780488
520.869919	36.772185
521.075283	4.763882
521.280633	72.781526
521.485968	-27.244421
521.691287	40.773223
521.896592	8.764920
522.101881	0.762844
522.307155	62.778931
522.512415	128.796056
522.717659	38.772704
522.922888	62.778931
523.128102	58.777893
523.333301	26.769590
523.538484	66.779969
523.743653	94.787234
523.948806	50.775817
524.153945	48.775298
524.359068	20.768033
524.564176	60.778412
524.769269	50.775817
524.974347	-3.238194
525.179410	74.782045
525.384458	108.790867
525.589491	100.788791
525.794508	56.777374
525.999511	36.772185
526.204498	32.771147
526.409470	108.790867
526.614427	136.798132
526.819369	10.765439
527.024296	60.778412
527.229207	18.767514
527.434104	44.774261
527.638985	54.776855
527.843851	136.798132
528.048702	32.771147
528.253538	8.764920
528.458359	60.778412
528.663165	110.791386
528.867955	30.770628
529.072730	114.792423
529.277491	30.770628
529.482236	-3.238194
529.686966	114.792423
529.891680	42.773742
530.096380	12.765957
530.301064	134.797613
530.505734	20.768033
530.710388	88.785677
530.915027	104.789829
531.119650	56.777374
531.324259	150.801764
531.528852	108.790867
531.733431	94.787234
531.937994	42.773742
532.142542	78.783083
532.347075	94.787234
532.551592	32.771147
532.756094	82.784120
532.960582	8.764920
533.165054	34.771666
533.369511	66.779969
533.573952	42.773742
533.778379	52.776336
533.982790	62.778931
534.187186	52.776336
534.391567	16.766995
534.595933	52.776336
534.800283	32.771147
535.004619	66.779969
535.208939	96.787753
535.413244	74.782045
535.617533	24.769071
535.821808	50.775817
536.026067	112.791905
536.230311	74.782045
536.434540	128.796056
536.638754	-17.241827
536.842952	76.782564
537.047136	22.768552
537.251304	80.783601
537.455456	90.786196
537.659594	46.774779
537.863716	12.765957
538.067823	142.799689
538.271915	82.784120
538.475992	64.779450
538.680054	34.771666
538.884100	96.787753
539.088131	126.795537
539.292147	64.779450
539.496147	62.778931
539.700132	48.775298
539.904103	126.795537
540.108057	126.795537
540.311997	126.795537
540.515921	38.772704
540.719830	62.778931
540.923724	70.781007
541.127603	170.806954
541.331466	130.796575
541.535314	138.798651
541.739147	186.811105
541.942965	210.817333
542.146767	180.809549
542.350554	224.820965
542.554326	184.810586
542.758082	120.793980
542.961824	176.808511
543.165550	144.800208
543.369260	182.810067
543.572956	178.809030
543.776636	270.832901
543.980301	242.825636
544.183951	170.806954
544.387585	202.815257
544.591204	180.809549
544.794808	194.813181
544.998397	220.819927
545.201970	204.815776
545.405528	268.832382
545.609070	240.825117
545.812598	200.814738
546.016110	328.847950
546.219607	196.813700
546.423088	196.813700
546.626554	194.813181
546.830005	126.795537
547.033441	166.805916
547.236861	168.806435
547.440266	116.792942
547.643656	124.795018
547.847031	114.792423
548.050390	78.783083
548.253733	162.804878
548.457062	88.785677
548.660375	164.805397
548.863673	72.781526
549.066955	130.796575
549.270223	60.778412
549.473475	98.788272
549.676711	60.778412
549.879932	162.804878
550.083138	144.800208
550.286329	136.798132
550.489504	112.791905
550.692664	104.789829
550.895809	112.791905
551.098938	158.803840
551.302052	86.785158
551.505151	46.774779
551.708234	126.795537
551.911302	102.789310
552.114355	198.814219
552.317392	126.795537
552.520414	102.789310
552.723420	42.773742
552.926411	-49.250130
553.129387	86.785158
553.332348	38.772704
553.535293	78.783083
553.738223	60.778412
553.941137	46.774779
554.144036	66.779969
554.346920	50.775817
554.549788	94.787234
554.752641	88.785677
554.955479	38.772704
555.158301	84.784639
555.361108	20.768033
555.563900	138.798651
555.766676	98.788272
555.969437	50.775817
556.172182	100.788791
556.374912	92.786715
556.577627	108.790867
556.780326	92.786715
556.983010	116.792942
557.185678	184.810586
557.388331	36.772185
557.590969	52.776336
557.793591	40.773223
557.996198	36.772185
558.198790	54.776855
558.401366	84.784639
558.603927	72.781526
558.806472	-5.238713
559.009002	68.780488
559.211517	102.789310
559.414016	40.773223
559.616499	102.789310
559.818968	96.787753
560.021421	80.783601
560.223858	42.773742
560.426280	106.790348
560.628687	66.779969
560.831078	122.794499
561.033454	90.786196
561.235815	84.784639
561.438160	52.776336
561.640489	48.775298
561.842803	108.790867
562.045102	60.778412
562.247385	84.784639
562.449653	52.776336
562.651906	6.764401
562.854143	48.775298
563.056364	80.783601
563.258570	64.779450
563.460761	140.799170
563.662936	34.771666
563.865096	134.797613
564.067241	70.781007
564.269369	146.800727
564.471483	4.763882
564.673581	56.777374
564.875664	14.766476
565.077731	94.787234
565.279782	76.782564
565.481819	4.763882
565.683839	82.784120
565.885845	58.777893
566.087835	30.770628
566.289809	132.797094
566.491768	68.780488
566.693711	-7.239232
566.895639	36.772185
567.097552	22.768552
567.299449	-7.239232
567.501330	88.785677
567.703197	82.784120
567.905047	40.773223
568.106882	110.791386
568.308702	90.786196
568.510506	46.774779
568.712295	132.797094
568.914068	54.776855
569.115826	82.784120
569.317568	24.769071
569.519295	38.772704
569.721006	168.806435
569.922702	62.778931
570.124382	40.773223
570.326047	66.779969
570.527696	86.785158
570.729330	2.763363
570.930948	106.790348
571.132551	58.777893
571.334138	132.797094
571.535710	30.770628
571.737266	44.774261
571.938807	56.777374
572.140332	88.785677
572.341842	68.780488
572.543336	98.788272
572.744815	84.784639
572.946278	98.788272
573.147726	22.768552
573.349158	104.789829
573.550575	56.777374
573.751976	80.783601
573.953361	68.780488
574.154731	62.778931
574.356086	50.775817
574.557425	66.779969
574.758748	70.781007
574.960056	124.795018
575.161348	62.778931
575.362625	60.778412
575.563886	104.789829
575.765132	122.794499
575.966362	56.777374
576.167577	10.765439
576.368776	64.779450
576.569959	90.786196
576.771127	20.768033
576.972280	6.764401
577.173417	96.787753
577.374538	98.788272
577.575644	56.777374
577.776734	8.764920
577.977809	6.764401
578.178868	114.792423
578.379911	104.789829
578.580939	26.769590
578.781951	110.791386
578.982948	106.790348
579.183929	148.801245
579.384895	138.798651
579.585845	104.789829
579.786780	110.791386
579.987699	0.762844
580.188602	112.791905
580.389490	72.781526
580.590362	118.793461
580.791218	78.783083
580.992059	158.803840
581.192885	74.782045
581.393695	98.788272
581.594489	150.801764
581.795267	90.786196
581.996031	130.796575
582.196778	28.770109
582.397510	96.787753
582.598226	62.778931
582.798927	92.786715
582.999612	40.773223
583.200281	72.781526
583.400935	30.770628
583.601573	130.796575
583.802196	104.789829
584.002803	118.793461
584.203394	158.803840
584.403970	110.791386
584.604530	76.782564
584.805074	98.788272
585.005603	106.790348
585.206116	122.794499
585.406614	66.779969
585.607096	104.789829
585.807562	56.777374
586.008013	60.778412
586.208448	44.774261
586.408868	92.786715
586.609272	46.774779
586.809660	86.785158
587.010032	72.781526
587.210389	76.782564
587.410731	164.805397
587.611056	146.800727
587.811366	62.778931
588.011660	54.776855
588.211939	60.778412
588.412202	4.763882
588.612450	56.777374
588.812681	42.773742
589.012897	54.776855
589.213098	152.802283
589.413283	72.781526
589.613452	98.788272
589.813605	84.784639
590.013743	110.791386
590.213865	86.785158
590.413971	106.790348
590.614062	96.787753
590.814137	120.793980
591.014197	94.787234
591.214240	110.791386
591.414268	32.771147
591.614281	70.781007
591.814277	134.797613
592.014258	38.772704
592.214224	102.789310
592.414173	54.776855
592.614107	186.811105
592.814026	22.768552
593.013928	106.790348
593.213815	50.775817
593.413686	30.770628
593.613542	52.776336
593.813382	30.770628
594.013206	104.789829
594.213014	64.779450
594.412807	178.809030
594.612584	120.793980
594.812345	98.788272
595.012091	74.782045
595.211820	2.763363
595.411535	88.785677
595.611233	34.771666
595.810916	84.784639
596.010583	68.780488
596.210234	76.782564
596.409870	-5.238713
596.609489	36.772185
596.809093	44.774261
597.008682	24.769071
597.208255	36.772185
597.407811	56.777374
597.607353	84.784639
597.806878	44.774261
598.006388	98.788272
598.205882	64.779450
598.405360	114.792423
598.604823	88.785677
598.804269	128.796056
599.003701	108.790867
599.203116	78.783083
599.402515	108.790867
599.601899	94.787234
599.801267	150.801764
600.000620	52.776336
600.199956	154.802802
600.399277	48.775298
600.598582	18.767514
600.797871	74.782045
600.997145	52.776336
601.196402	92.786715
601.395644	38.772704
601.594871	-35.246497
601.794081	120.793980
601.993276	72.781526
602.192455	12.765957
602.391618	94.787234
602.590765	88.785677
602.789897	66.779969
602.989013	30.770628
603.188113	76.782564
603.387197	50.775817
603.586266	18.767514
603.785318	64.779450
603.984355	86.785158
604.183376	36.772185
604.382382	36.772185
604.581371	56.777374
604.780345	74.782045
604.979303	122.794499
605.178245	52.776336
605.377171	120.793980
605.576082	10.765439
605.774977	88.785677
605.973856	84.784639
606.172719	104.789829
606.371566	58.777893
606.570398	116.792942
606.769214	50.775817
606.968013	-35.246497
607.166798	122.794499
607.365566	60.778412
607.564318	56.777374
607.763055	116.792942
607.961776	0.762844
608.160481	104.789829
608.359170	40.773223
608.557843	74.782045
608.756501	64.779450
608.955143	66.779969
609.153769	154.802802
609.352379	146.800727
609.550973	120.793980
609.749551	126.795537
609.948114	148.801245
610.146661	80.783601
610.345191	152.802283
610.543706	134.797613
610.742206	318.845355
610.940689	300.840685
611.139156	310.843280
611.337608	242.825636
611.536044	194.813181
611.734464	266.831863
611.932868	256.829268
612.131256	282.836015
612.329628	208.816814
612.527985	132.797094
612.726326	248.827193
612.924650	174.807992
613.122959	220.819927
613.321252	86.785158
613.519530	180.809549
613.717791	206.816295
613.916036	158.803840
614.114266	160.804359
614.312480	154.802802
614.510677	164.805397
614.708859	74.782045
614.907025	118.793461
615.105176	66.779969
615.303310	128.796056
615.501428	132.797094
615.699531	96.787753
615.897617	130.796575
616.095688	144.800208
616.293743	134.797613
616.491782	116.792942
616.689805	54.776855
616.887812	56.777374
617.085803	110.791386
617.283779	74.782045
617.481738	108.790867
617.679682	90.786196
617.877609	94.787234
618.075521	110.791386
618.273417	36.772185
618.471297	64.779450
618.669161	112.791905
618.867009	70.781007
619.064841	54.776855
619.262657	144.800208
619.460458	138.798651
619.658242	70.781007
619.856011	54.776855
620.053763	94.787234
620.251500	142.799689
620.449221	72.781526
620.646925	50.775817
620.844614	146.800727
621.042287	154.802802
621.239944	34.771666
621.437585	166.805916
621.635210	56.777374
621.832819	120.793980
622.030413	80.783601
622.227990	8.764920
622.425551	102.789310
622.623097	74.782045
622.820626	74.782045
623.018139	58.777893
623.215637	78.783083
623.413119	50.775817
623.610584	76.782564
623.808034	56.777374
624.005468	12.765957
624.202885	74.782045
624.400287	112.791905
624.597673	84.784639
624.795043	50.775817
624.992397	104.789829
625.189735	144.800208
625.387057	102.789310
625.584362	124.795018
625.781652	0.762844
625.978926	54.776855
626.176185	78.783083
626.373427	82.784120
626.570653	60.778412
626.767863	58.777893
626.965057	78.783083
627.162235	46.774779
627.359397	48.775298
627.556543	96.787753
627.753673	116.792942
627.950788	50.775817
628.147886	74.782045
628.344968	34.771666
628.542034	106.790348
628.739084	92.786715
628.936118	52.776336
629.133137	36.772185
629.330139	76.782564
629.527125	64.779450
629.724095	40.773223
629.921049	80.783601
630.117987	132.797094
630.314909	92.786715
630.511815	54.776855
630.708705	70.781007
630.905579	38.772704
631.102437	0.762844
631.299279	96.787753
631.496105	38.772704
631.692915	54.776855
631.889709	42.773742
632.086487	46.774779
632.283249	70.781007
632.479995	62.778931
632.676725	106.790348
632.873438	52.776336
633.070136	122.794499
633.266818	18.767514
633.463483	74.782045
633.660133	4.763882
633.856767	80.783601
634.053384	88.785677
634.249986	56.777374
634.446571	72.781526
634.643140	72.781526
634.839694	34.771666
635.036231	62.778931
635.232752	22.768552
635.429257	122.794499
635.625746	18.767514
635.822219	60.778412
636.018676	34.771666
636.215117	-25.243902
636.411542	60.778412
636.607950	44.774261
636.804343	104.789829
637.000720	96.787753
637.197080	30.770628
637.393425	40.773223
637.589753	108.790867
637.786065	58.777893
637.982361	50.775817
638.178642	62.778931
638.374906	78.783083
638.571154	24.769071
638.767385	12.765957
638.963601	52.776336
639.159801	-1.237675
639.355984	98.788272
639.552152	34.771666
639.748303	20.768033
639.944438	40.773223
640.140558	30.770628
640.336661	36.772185
640.532748	120.793980
640.728819	44.774261
640.924873	66.779969
641.120912	42.773742
641.316935	80.783601
641.512941	54.776855
641.708931	100.788791
641.904906	64.779450
642.100864	88.785677
642.296806	6.764401
642.492731	86.785158
642.688641	32.771147
642.884535	54.776855
643.080412	46.774779
643.276274	110.791386
643.472119	74.782045
643.667948	26.769590
643.863761	26.769590
644.059558	62.778931
644.255338	70.781007
644.451103	0.762844
644.646851	92.786715
644.842583	28.770109
645.038300	22.768552
645.234000	-13.240789
645.429683	30.770628
645.625351	104.789829
645.821003	48.775298
646.016638	50.775817
646.212257	36.772185
646.407860	90.786196
646.603447	38.772704
646.799018	42.773742
646.994572	60.778412
647.190111	28.770109
647.385633	84.784639
647.581139	66.779969
647.776629	88.785677
647.972103	104.789829
648.167560	96.787753
648.363002	112.791905
648.558427	-7.239232
648.753836	46.774779
648.949229	78.783083
649.144606	46.774779
649.339966	74.782045
649.535311	42.773742
649.730639	54.776855
649.925951	-21.242865
650.121246	54.776855
650.316526	40.773223
650.511789	32.771147
650.707037	62.778931
650.902268	0.762844
651.097483	50.775817
651.292681	114.792423
651.487864	70.781007
651.683030	50.775817
651.878180	50.775817
652.073314	40.773223
652.268431	8.764920
652.463533	78.783083
652.658618	92.786715
652.853687	12.765957
653.048739	10.765439
653.243776	58.777893
653.438796	26.769590
653.633800	72.781526
653.828788	0.762844
654.023760	60.778412
654.218715	36.772185
654.413655	16.766995
654.608578	130.796575
654.803484	62.778931
654.998375	132.797094
655.193249	-19.242346
655.388107	30.770628
655.582949	96.787753
655.777775	50.775817
655.972584	36.772185
656.167377	36.772185
656.362154	42.773742
656.556914	102.789310
656.751659	16.766995
656.946387	64.779450
657.141099	88.785677
657.335794	80.783601
657.530474	58.777893
657.725137	-5.238713
657.919784	46.774779
658.114414	30.770628
658.309029	82.784120
658.503627	88.785677
658.698208	44.774261
658.892774	138.798651
659.087323	30.770628
659.281856	40.773223
659.476373	74.782045
659.670873	52.776336
659.865358	-23.243383
660.059825	90.786196
660.254277	78.783083
660.448712	48.775298
660.643131	60.778412
660.837534	78.783083
661.031921	88.785677
661.226291	-17.241827
661.420645	34.771666
661.614983	28.770109
661.809304	94.787234
662.003609	38.772704
662.197898	-13.240789
662.392170	136.798132
662.586426	44.774261
662.780666	74.782045
662.974890	-33.245978
663.169097	36.772185
663.363288	82.784120
663.557463	120.793980
663.751621	76.782564
663.945763	102.789310
664.139889	4.763882
664.333998	28.770109
664.528091	78.783083
664.722168	68.780488
664.916228	26.769590
665.110272	28.770109
665.304300	28.770109
665.498312	14.766476
665.692307	56.777374
665.886286	8.764920
666.080248	44.774261
666.274194	136.798132
666.468124	26.769590
666.662038	26.769590
666.855935	62.778931
667.049816	36.772185
667.243680	42.773742
667.437528	60.778412
667.631360	44.774261
667.825176	74.782045
668.018975	76.782564
668.212757	8.764920
668.406524	16.766995
668.600274	20.768033
668.794008	-19.242346
668.987725	84.784639
669.181426	42.773742
669.375111	46.774779
669.568779	92.786715
669.762431	48.775298
669.956066	8.764920
670.149686	40.773223
670.343288	70.781007
670.536875	84.784639
670.730445	110.791386
670.923999	-5.238713
671.117536	130.796575
671.311057	122.794499
671.504562	68.780488
671.698050	86.785158
671.891522	60.778412
672.084977	76.782564
672.278416	52.776336
672.471839	56.777374
672.665245	102.789310
672.858635	36.772185
673.052008	24.769071
673.245366	128.796056
673.438706	98.788272
673.632031	86.785158
673.825338	44.774261
674.018630	30.770628
674.211905	82.784120
674.405164	80.783601
674.598406	130.796575
674.791632	120.793980
674.984842	50.775817
675.178035	56.777374
675.371211	34.771666
675.564372	24.769071
675.757515	18.767514
675.950643	-7.239232
676.143754	42.773742
676.336848	68.780488
676.529927	6.764401
676.722988	64.779450
676.916034	-33.245978
677.109063	52.776336
677.302075	52.776336
677.495071	106.790348
677.688051	-29.244940
677.881014	50.775817
678.073961	128.796056
678.266891	40.773223
678.459805	56.777374
678.652702	112.791905
678.845583	96.787753
679.038448	46.774779
679.231296	22.768552
679.424127	62.778931
679.616942	78.783083
679.809741	86.785158
680.002524	62.778931
680.195289	46.774779
680.388039	86.785158
680.580772	42.773742
680.773488	10.765439
680.966188	62.778931
681.158872	86.785158
681.351539	110.791386
681.544189	8.764920
681.736823	64.779450
681.929441	74.782045
682.122042	90.786196
682.314627	78.783083
682.507195	54.776855
682.699747	-9.239751
682.892282	4.763882
683.084801	4.763882
683.277303	138.798651
683.469789	18.767514
683.662258	26.769590
683.854711	132.797094
684.047148	28.770109
684.239567	84.784639
684.431971	84.784639
684.624358	36.772185
684.816728	-23.243383
685.009082	32.771147
685.201419	76.782564
685.393740	40.773223
685.586045	56.777374
685.778333	50.775817
685.970604	-13.240789
686.162859	128.796056
686.355097	102.789310
686.547319	-13.240789
686.739524	40.773223
686.931713	56.777374
687.123886	102.789310
687.316041	86.785158
687.508181	0.762844
687.700303	50.775817
687.892410	66.779969
688.084499	58.777893
688.276572	34.771666
688.468629	2.763363
688.660669	100.788791
688.852693	-19.242346
689.044700	184.810586
689.236690	-15.241308
689.428664	52.776336
689.620622	60.778412
689.812563	52.776336
690.004487	82.784120
690.196395	38.772704
690.388286	132.797094
690.580161	56.777374
690.772019	44.774261
690.963861	28.770109
691.155686	74.782045
691.347494	136.798132
691.539286	74.782045
691.731061	60.778412
691.922820	96.787753
692.114562	72.781526
692.306288	94.787234
692.497997	140.799170
692.689690	52.776336
692.881366	50.775817
693.073025	50.775817
693.264668	86.785158
693.456295	64.779450
693.647904	12.765957
693.839497	80.783601
694.031074	128.796056
694.222634	82.784120
694.414177	86.785158
694.605704	76.782564
694.797214	86.785158
694.988708	38.772704
695.180185	84.784639
695.371646	38.772704
695.563089	120.793980
695.754517	122.794499
695.945927	82.784120
696.137321	28.770109
696.328699	54.776855
696.520060	14.766476
696.711404	32.771147
696.902732	32.771147
697.094043	64.779450
697.285337	66.779969
697.476615	54.776855
697.667876	94.787234
697.859121	98.788272
698.050349	10.765439
698.241560	76.782564
698.432755	-13.240789
698.623933	66.779969
698.815095	136.798132
699.006240	48.775298
699.197368	68.780488
699.388480	44.774261
699.579575	28.770109
699.770653	58.777893
699.961715	58.777893
700.152760	-47.249611
700.343789	48.775298
700.534800	32.771147
700.725796	-7.239232
700.916774	48.775298
701.107736	50.775817
701.298681	74.782045
701.489610	46.774779
701.680522	34.771666
701.871417	18.767514
702.062296	84.784639
702.253158	104.789829
702.444004	118.793461
702.634832	-19.242346
702.825644	84.784639
703.016440	40.773223
703.207219	62.778931
703.397981	50.775817
703.588726	88.785677
703.779455	64.779450
703.970167	-5.238713
704.160863	74.782045
704.351541	0.762844
704.542203	38.772704
704.732849	118.793461
704.923478	28.770109
705.114090	124.795018
705.304685	30.770628
705.495264	38.772704
705.685826	82.784120
705.876371	36.772185
706.066900	20.768033
706.257412	70.781007
706.447907	38.772704
706.638385	48.775298
706.828847	28.770109
707.019292	112.791905
707.209721	18.767514
707.400133	158.803840
707.590528	58.777893
707.780906	100.788791
707.971268	42.773742
708.161613	52.776336
708.351941	62.778931
708.542253	60.778412
708.732548	32.771147
708.922826	88.785677
709.113087	64.779450
709.303332	-1.237675
709.493560	84.784639
709.683771	-25.243902
709.873966	-37.247016
710.064143	-57.252206
710.254304	38.772704
710.444449	48.775298
710.634576	62.778931
710.824687	56.777374
711.014782	86.785158
711.204859	18.767514
711.394920	94.787234
711.584964	62.778931
711.774991	46.774779
711.965001	-5.238713
712.154995	96.787753
712.344972	114.792423
712.534932	78.783083
712.724876	10.765439
712.914803	80.783601
713.104713	50.775817
713.294606	96.787753
713.484483	74.782045
713.674342	80.783601
713.864185	82.784120
714.054011	80.783601
714.243821	110.791386
714.433614	-51.250649
714.623390	62.778931
714.813149	-35.246497
715.002891	106.790348
715.192617	34.771666
715.382326	56.777374
715.572018	-13.240789
715.761693	68.780488
715.951352	32.771147
716.140993	32.771147
716.330618	-37.247016
716.520227	40.773223
716.709818	24.769071
716.899393	14.766476
717.088951	94.787234
717.278492	56.777374
717.468016	78.783083
717.657523	-25.243902
717.847014	158.803840
718.036488	78.783083
718.225945	22.768552
718.415385	82.784120
718.604809	18.767514
718.794216	26.769590
718.983606	78.783083
719.172979	58.777893
719.362335	40.773223
719.551674	72.781526
719.740997	-3.238194
719.930303	34.771666
720.119592	20.768033
720.308864	6.764401
720.498120	106.790348
720.687358	36.772185
720.876580	36.772185
721.065785	8.764920
721.254973	74.782045
721.444144	44.774261
721.633299	52.776336
721.822436	84.784639
722.011557	-5.238713
722.200661	52.776336
722.389748	92.786715
722.578818	-15.241308
722.767872	32.771147
722.956909	88.785677
723.145928	0.762844
723.334931	108.790867
723.523917	14.766476
723.712887	10.765439
723.901839	82.784120
724.090775	30.770628
724.279693	40.773223
724.468595	30.770628
724.657480	4.763882
724.846348	84.784639
725.035199	54.776855
725.224034	110.791386
725.412851	-21.242865
725.601652	84.784639
725.790436	24.769071
725.979203	-13.240789
726.167953	90.786196
726.356686	52.776336
726.545402	60.778412
726.734102	70.781007
726.922784	96.787753
727.111450	16.766995
727.300099	-3.238194
727.488731	48.775298
727.677346	66.779969
727.865944	46.774779
728.054525	82.784120
728.243090	116.792942
728.431637	6.764401
728.620168	80.783601
728.808682	14.766476
728.997178	112.791905
729.185658	68.780488
729.374121	22.768552
729.562567	2.763363
729.750997	94.787234
729.939409	2.763363
730.127804	-3.238194
730.316183	-5.238713
730.504545	80.783601
730.692889	18.767514
730.881217	112.791905
731.069528	24.769071
731.257822	16.766995
731.446099	14.766476
731.634359	52.776336
731.822602	-81.258433
732.010828	86.785158
732.199038	46.774779
732.387230	34.771666
732.575406	36.772185
732.763564	-25.243902
732.951706	62.778931
733.139831	-5.238713
733.327938	24.769071
733.516029	36.772185
733.704103	46.774779
733.892160	126.795537
734.080200	56.777374
734.268223	58.777893
734.456229	48.775298
734.644218	30.770628
734.832191	2.763363
735.020146	6.764401
735.208084	52.776336
735.396006	86.785158
735.583910	10.765439
735.771797	64.779450
735.959668	50.775817
736.147522	100.788791
736.335358	94.787234
736.523178	16.766995
736.710980	38.772704
736.898766	52.776336
737.086535	48.775298
737.274286	10.765439
737.462021	26.769590
737.649739	38.772704
737.837440	80.783601
738.025124	42.773742
738.212791	16.766995
738.400440	64.779450
738.588073	-5.238713
738.775689	66.779969
738.963288	76.782564
739.150870	98.788272
739.338435	14.766476
739.525983	40.773223
739.713514	72.781526
739.901028	-7.239232
740.088525	40.773223
740.276005	106.790348
740.463468	98.788272
740.650914	94.787234
740.838343	30.770628
741.025755	-73.256357
741.213150	-11.240270
741.400528	32.771147
741.587889	74.782045
741.775233	74.782045
741.962559	22.768552
742.149869	12.765957
742.337162	58.777893
742.524438	52.776336
742.711697	28.770109
742.898939	22.768552
743.086164	64.779450
743.273371	124.795018
743.460562	96.787753
743.647736	16.766995
743.834892	6.764401
744.022032	98.788272
744.209155	36.772185
744.396260	54.776855
744.583349	46.774779
744.770420	34.771666
744.957475	56.777374
745.144512	32.771147
745.331533	70.781007
745.518536	106.790348
745.705522	16.766995
745.892491	90.786196
746.079444	-13.240789
746.266379	74.782045
746.453297	84.784639
746.640198	54.776855
746.827082	68.780488
747.013949	88.785677
747.200798	8.764920
747.387631	12.765957
747.574447	34.771666
747.761246	116.792942
747.948027	30.770628
748.134792	6.764401
748.321539	64.779450
748.508269	36.772185
748.694983	32.771147
748.881679	42.773742
749.068358	66.779969
749.255020	18.767514
749.441665	64.779450
749.628293	70.781007
749.814904	12.765957
750.001497	112.791905
750.188074	44.774261
750.374633	14.766476
750.561176	122.794499
750.747701	-31.245459
750.934209	2.763363
751.120701	64.779450
751.307175	34.771666
751.493631	60.778412
751.680071	-1.237675
751.866494	88.785677
752.052900	46.774779
752.239288	224.820965
752.425660	80.783601
752.612014	70.781007
752.798351	18.767514
752.984671	94.787234
753.170974	-5.238713
753.357260	126.795537
753.543529	14.766476
753.729780	184.810586
753.916015	42.773742
754.102232	60.778412
754.288432	14.766476
754.474615	126.795537
754.660781	14.766476
754.846930	64.779450
755.033062	64.779450
755.219176	46.774779
755.405274	30.770628
755.591354	-29.244940
755.777417	58.777893
755.963463	62.778931
756.149492	78.783083
756.335503	50.775817
756.521498	100.788791
756.707475	44.774261
756.893436	-49.250130
757.079379	26.769590
757.265305	48.775298
757.451213	72.781526
757.637105	-3.238194
757.822979	70.781007
758.008837	80.783601
758.194677	94.787234
758.380500	98.788272
758.566306	40.773223
758.752094	70.781007
758.937866	34.771666
759.123620	58.777893
759.309357	100.788791
759.495077	58.777893
759.680780	70.781007
759.866465	160.804359
760.052134	100.788791
760.237785	120.793980
760.423419	100.788791
760.609036	62.778931
760.794636	46.774779
760.980218	72.781526
761.165783	98.788272
761.351331	96.787753
761.536862	114.792423
761.722376	18.767514
761.907873	90.786196
762.093352	68.780488
762.278814	86.785158
762.464259	88.785677
762.649687	60.778412
762.835097	-43.248573
763.020490	100.788791
763.205866	46.774779
763.391225	-17.241827
763.576567	92.786715
763.761891	32.771147
763.947199	64.779450
764.132489	42.773742
764.317761	58.777893
764.503017	64.779450
764.688255	-17.241827
764.873476	82.784120
765.058680	88.785677
765.243867	80.783601
765.429036	58.777893
765.614188	86.785158
765.799323	100.788791
765.984441	62.778931
766.169542	66.779969
766.354625	0.762844
766.539691	38.772704
766.724740	52.776336
766.909771	62.778931
767.094785	-47.249611
767.279782	94.787234
767.464762	126.795537
767.649725	68.780488
767.834670	74.782045
768.019598	106.790348
768.204509	50.775817
768.389402	14.766476
768.574278	36.772185
768.759137	72.781526
768.943979	20.768033
769.128804	68.780488
769.313611	10.765439
769.498401	68.780488
769.683173	122.794499
769.867929	88.785677
770.052667	32.771147
770.237388	136.798132
770.422091	48.775298
770.606777	76.782564
770.791446	2.763363
770.976098	50.775817
771.160733	74.782045
771.345350	-17.241827
771.529950	108.790867
771.714532	80.783601
771.899097	72.781526
772.083645	32.771147
772.268176	42.773742
772.452689	80.783601
772.637185	138.798651
772.821664	62.778931
773.006126	102.789310
773.190570	60.778412
773.374997	102.789310
773.559406	116.792942
773.743799	66.779969
773.928174	126.795537
774.112531	120.793980
774.296872	86.785158
774.481195	84.784639
774.665500	144.800208
774.849789	134.797613
775.034060	70.781007
775.218313	98.788272
775.402550	56.777374
775.586769	98.788272
775.770971	38.772704
775.955155	34.771666
776.139322	80.783601
776.323472	70.781007
776.507605	76.782564
776.691720	62.778931
776.875817	80.783601
777.059898	106.790348
777.243961	26.769590
777.428007	84.784639
777.612035	54.776855
777.796046	66.779969
777.980040	108.790867
778.164016	88.785677
778.347975	48.775298
778.531917	94.787234
778.715841	124.795018
778.899748	52.776336
779.083638	118.793461
779.267510	150.801764
779.451365	42.773742
779.635202	56.777374
779.819022	88.785677
780.002825	62.778931
780.186611	118.793461
780.370379	180.809549
780.554129	202.815257
780.737863	210.817333
780.921579	122.794499
781.105277	178.809030
781.288958	232.823041
781.472622	176.808511
781.656268	136.798132
781.839898	116.792942
782.023509	212.817852
782.207103	146.800727
782.390680	190.812143
782.574240	254.828749
782.757782	184.810586
782.941306	184.810586
783.124814	148.801245
783.308304	190.812143
783.491776	194.813181
783.675231	162.804878
783.858669	202.815257
784.042089	232.823041
784.225492	218.819408
784.408878	272.833420
784.592246	144.800208
784.775596	360.856253
784.958929	242.825636
785.142245	308.842761
785.325544	278.834977
785.508825	270.832901
785.692088	214.818371
785.875334	200.814738
786.058563	224.820965
786.241774	214.818371
786.424968	118.793461
786.608145	198.814219
786.791304	270.832901
786.974445	242.825636
787.157569	214.818371
787.340676	274.833939
787.523765	254.828749
787.706837	338.850545
787.889892	304.841723
788.072929	302.841204
788.255948	316.844837
788.438950	278.834977
788.621935	252.828230
788.804902	326.847431
788.987852	294.839128
789.170784	304.841723
789.353699	306.842242
789.536596	280.835496
789.719476	302.841204
789.902338	298.840166
790.085183	298.840166
790.268011	324.846912
790.450821	378.860924
790.633614	338.850545
790.816389	380.861443
790.999146	432.874935
791.181887	396.865594
791.364609	504.893617
791.547314	384.862481
791.730002	416.870784
791.912673	414.870265
792.095325	436.875973
792.277961	370.858848
792.460578	402.867151
792.643179	318.845355
792.825762	382.861962
793.008327	300.840685
793.190875	320.845874
793.373405	480.887390
793.555918	386.862999
793.738414	362.856772
793.920891	404.867670
794.103352	518.897250
794.285795	478.886871
794.468220	540.902958
794.650628	588.915413
794.833018	516.896731
795.015391	590.915931
795.197747	426.873378
795.380085	488.889465
795.562405	492.890503
795.744708	456.881162
795.926993	418.871303
796.109261	432.874935
796.291511	350.853659
796.473744	504.893617
796.655959	470.884795
796.838157	456.881162
797.020337	490.889984
797.202500	538.902439
797.384645	522.898287
797.566772	490.889984
797.748883	574.911780
797.930975	576.912299
798.113050	624.924754
798.295108	552.906072
798.477147	444.878049
798.659170	638.928386
798.841175	510.895174
799.023162	438.876492
799.205132	458.881681
799.387084	496.891541
799.569018	478.886871
799.750936	494.891022
799.932835	494.891022
800.114717	456.881162
800.296582	490.889984
800.478428	446.878568
800.660258	530.900363
800.842069	514.896212
801.023864	598.918007
801.205640	584.914375
801.387399	534.901401
801.569141	436.875973
801.750865	560.908147
801.932571	502.893098
802.114260	462.882719
802.295931	450.879606
802.477584	520.897769
802.659220	362.856772
802.840839	258.829787
803.022440	478.886871
803.204023	432.874935
803.385589	418.871303
803.567137	388.863518
803.748667	448.879087
803.930180	442.877530
804.111676	386.862999
804.293153	480.887390
804.474613	452.880125
804.656056	454.880643
804.837481	476.886352
805.018888	348.853140
805.200278	430.874416
805.381650	448.879087
805.563005	438.876492
805.744341	332.848988
805.925661	284.836533
806.106962	374.859886
806.288246	302.841204
806.469513	250.827711
806.650762	312.843799
806.831993	292.838609
807.013207	282.836015
807.194403	270.832901
807.375581	348.853140
807.556742	262.830825
807.737885	356.855215
807.919010	348.853140
808.100118	322.846393
808.281208	364.857291
808.462281	378.860924
808.643336	304.841723
808.824373	264.831344
809.005393	316.844837
809.186395	268.832382
809.367379	232.823041
809.548346	246.826674
809.729295	198.814219
809.910226	216.818889
810.091140	276.834458
810.272036	190.812143
810.452915	218.819408
810.633775	194.813181
810.814619	198.814219
810.995444	204.815776
811.176252	282.836015
811.357042	236.824079
811.537815	208.816814
811.718569	222.820446
811.899307	196.813700
812.080026	200.814738
812.260728	188.811624
812.441412	130.796575
812.622079	70.781007
812.802727	200.814738
812.983359	218.819408
813.163972	176.808511
813.344568	140.799170
813.525146	206.816295
813.705706	134.797613
813.886249	84.784639
814.066774	238.824598
814.247281	156.803321
814.427771	110.791386
814.608243	154.802802
814.788697	180.809549
814.969134	226.821484
815.149553	228.822003
815.329954	190.812143
815.510337	176.808511
815.690703	128.796056
815.871051	108.790867
816.051382	204.815776
816.231694	238.824598
816.411989	178.809030
816.592266	74.782045
816.772526	216.818889
816.952768	220.819927
817.132992	138.798651
817.313198	72.781526
817.493387	232.823041
817.673558	162.804878
817.853711	164.805397
818.033846	188.811624
818.213964	142.799689
818.394064	166.805916
818.574146	168.806435
818.754211	140.799170
818.934258	64.779450
819.114287	98.788272
819.294298	78.783083
819.474292	118.793461
819.654267	96.787753
819.834226	166.805916
820.014166	56.777374
820.194089	106.790348
820.373993	170.806954
820.553881	146.800727
820.733750	162.804878
820.913602	130.796575
821.093435	108.790867
821.273252	204.815776
821.453050	96.787753
821.632830	188.811624
821.812593	112.791905
821.992338	208.816814
822.172066	144.800208
822.351775	102.789310
822.531467	120.793980
822.711141	78.783083
822.890797	106.790348
823.070436	70.781007
823.250056	86.785158
823.429659	114.792423
823.609244	54.776855
823.788812	92.786715
823.968361	82.784120
824.147893	54.776855
824.327407	144.800208
824.506903	54.776855
824.686381	92.786715
824.865842	116.792942
825.045285	82.784120
825.224710	170.806954
825.404117	70.781007
825.583507	60.778412
825.762878	64.779450
825.942232	68.780488
826.121568	80.783601
826.300886	130.796575
826.480187	92.786715
826.659469	138.798651
826.838734	80.783601
827.017981	146.800727
827.197210	84.784639
827.376422	84.784639
827.555615	84.784639
827.734791	126.795537
827.913949	116.792942
828.093089	60.778412
828.272211	112.791905
828.451315	80.783601
828.630402	62.778931
828.809471	40.773223
828.988522	88.785677
829.167555	58.777893
829.346570	118.793461
829.525568	130.796575
829.704547	110.791386
829.883509	118.793461
830.062453	56.777374
830.241379	78.783083
830.420287	100.788791
830.599177	70.781007
830.778050	134.797613
830.956905	74.782045
831.135742	90.786196
831.314561	64.779450
831.493362	178.809030
831.672145	46.774779
831.850910	68.780488
832.029658	28.770109
832.208388	-53.251168
832.387099	56.777374
832.565793	70.781007
832.744469	-11.240270
832.923128	92.786715
833.101768	80.783601
833.280391	58.777893
833.458995	30.770628
833.637582	16.766995
833.816151	28.770109
833.994702	6.764401
834.173235	4.763882
834.351750	94.787234
834.530247	26.769590
834.708727	148.801245
834.887188	66.779969
835.065632	88.785677
835.244058	138.798651
835.422466	28.770109
835.600856	64.779450
835.779228	16.766995
835.957582	98.788272
836.135918	8.764920
836.314237	64.779450
836.492537	22.768552
836.670820	66.779969
836.849084	128.796056
837.027331	74.782045
837.205560	90.786196
837.383771	86.785158
837.561964	12.765957
837.740139	146.800727
837.918296	148.801245
838.096436	88.785677
838.274557	22.768552
838.452660	40.773223
838.630746	52.776336
838.808814	24.769071
838.986863	30.770628
839.164895	42.773742
839.342909	-21.242865
839.520905	124.795018
839.698883	62.778931
839.876843	106.790348
840.054785	4.763882
840.232709	76.782564
840.410615	72.781526
840.588503	78.783083
840.766374	20.768033
840.944226	-7.239232
841.122060	4.763882
841.299877	66.779969
841.477675	50.775817
841.655456	-27.244421
841.833218	22.768552
842.010963	64.779450
842.188690	40.773223
842.366399	16.766995
842.544089	24.769071
842.721762	58.777893
842.899417	26.769590
843.077054	98.788272
843.254673	70.781007
843.432274	86.785158
843.609857	24.769071
843.787422	44.774261
843.964969	84.784639
844.142498	38.772704
844.320009	70.781007
844.497502	46.774779
844.674977	52.776336
844.852434	-27.244421
845.029873	22.768552
845.207294	34.771666
845.384697	70.781007
845.562083	92.786715
845.739450	16.766995
845.916799	70.781007
846.094130	72.781526
846.271443	90.786196
846.448738	60.778412
846.626016	-41.248054
846.803275	46.774779
846.980516	-57.252206
847.157739	96.787753
847.334944	80.783601
847.512131	62.778931
847.689301	14.766476
847.866452	102.789310
848.043585	34.771666
848.220700	6.764401
848.397797	70.781007
848.574876	54.776855
848.751937	70.781007
848.928980	52.776336
849.106005	18.767514
849.283012	86.785158
849.460001	6.764401
849.636972	78.783083
849.813925	-19.242346
849.990859	104.789829
850.167776	62.778931
850.344675	54.776855
850.521556	50.775817
850.698418	24.769071
850.875263	38.772704
851.052090	66.779969
851.228898	42.773742
851.405689	132.797094
851.582461	34.771666
851.759216	90.786196
851.935952	48.775298
852.112670	116.792942
852.289370	28.770109
852.466053	32.771147
852.642717	60.778412
852.819363	-17.241827
852.995991	32.771147
853.172601	68.780488
853.349193	14.766476
853.525766	56.777374
853.702322	54.776855
853.878860	50.775817
854.055379	12.765957
854.231881	86.785158
854.408364	-1.237675
854.584830	18.767514
854.761277	52.776336
854.937706	44.774261
855.114117	70.781007
855.290510	54.776855
855.466885	4.763882
855.643242	4.763882
855.819581	72.781526
855.995901	90.786196
856.172204	-21.242865
856.348488	44.774261
856.524755	60.778412
856.701003	62.778931
856.877233	84.784639
857.053445	44.774261
857.229639	52.776336
857.405815	44.774261
857.581973	62.778931
857.758113	72.781526
857.934234	152.802283
858.110338	92.786715
858.286423	112.791905
858.462490	42.773742
858.638539	70.781007
858.814570	46.774779
858.990583	-7.239232
859.166578	110.791386
859.342554	-27.244421
859.518513	-1.237675
859.694453	26.769590
859.870375	42.773742
860.046279	2.763363
860.222165	48.775298
860.398033	2.763363
860.573883	40.773223
860.749714	44.774261
860.925528	60.778412
861.101323	54.776855
861.277100	124.795018
861.452859	6.764401
861.628600	48.775298
861.804322	-71.255838
861.980027	-9.239751
862.155713	4.763882
862.331381	14.766476
862.507031	54.776855
862.682663	82.784120
862.858277	14.766476
863.033873	84.784639
863.209450	70.781007
863.385009	2.763363
863.560550	48.775298
863.736073	58.777893
863.911578	24.769071
864.087065	-1.237675
864.262533	12.765957
864.437983	-17.241827
864.613415	32.771147
864.788829	10.765439
864.964225	90.786196
865.139602	52.776336
865.314962	118.793461
865.490303	186.811105
865.665626	32.771147
865.840930	-59.252724
866.016217	56.777374
866.191485	66.779969
866.366735	20.768033
866.541967	58.777893
866.717181	28.770109
866.892377	38.772704
867.067554	8.764920
867.242713	72.781526
867.417854	104.789829
867.592977	104.789829
867.768082	94.787234
867.943168	2.763363
868.118236	42.773742
868.293286	58.777893
868.468318	90.786196
868.643331	66.779969
868.818327	56.777374
868.993304	-7.239232
869.168263	32.771147
869.343203	84.784639
869.518126	80.783601
869.693030	102.789310
869.867916	78.783083
870.042783	6.764401
870.217633	92.786715
870.392464	-9.239751
870.567277	58.777893
870.742072	70.781007
870.916848	30.770628
871.091607	64.779450
871.266347	50.775817
871.441069	76.782564
871.615772	34.771666
871.790458	14.766476
871.965125	70.781007
872.139773	24.769071
872.314404	100.788791
872.489016	20.768033
872.663610	30.770628
872.838186	78.783083
873.012744	6.764401
873.187283	56.777374
873.361804	52.776336
873.536307	34.771666
873.710791	46.774779
873.885258	18.767514
874.059705	6.764401
874.234135	36.772185
874.408547	0.762844
874.582940	30.770628
874.757315	100.788791
874.931671	102.789310
875.106009	72.781526
875.280329	-25.243902
875.454631	70.781007
875.628915	96.787753
875.803180	46.774779
875.977427	14.766476
876.151655	-33.245978
876.325866	102.789310
876.500058	66.779969
876.674231	46.774779
876.848387	-25.243902
877.022524	74.782045
877.196643	14.766476
877.370743	48.775298
877.544825	42.773742
877.718889	-5.238713
877.892935	-7.239232
878.066962	62.778931
878.240971	-1.237675
878.414962	44.774261
878.588934	-19.242346
878.762888	122.794499
878.936824	50.775817
879.110741	54.776855
879.284640	52.776336
879.458521	44.774261
879.632384	52.776336
879.806228	44.774261
879.980053	26.769590
880.153861	84.784639
880.327650	96.787753
880.501421	52.776336
880.675173	-3.238194
880.848907	116.792942
881.022623	44.774261
881.196320	66.779969
881.370000	20.768033
881.543660	-47.249611
881.717303	-35.246497
881.890927	56.777374
882.064532	96.787753
882.238120	64.779450
882.411689	6.764401
882.585239	-7.239232
882.758772	82.784120
882.932286	86.785158
883.105781	98.788272
883.279259	18.767514
883.452717	70.781007
883.626158	76.782564
883.799580	34.771666
883.972984	60.778412
884.146369	104.789829
884.319736	34.771666
884.493085	36.772185
884.666415	16.766995
884.839727	92.786715
885.013020	90.786196
885.186296	60.778412
885.359552	-7.239232
885.532791	34.771666
885.706011	-39.247535
885.879212	132.797094
886.052396	56.777374
886.225560	26.769590
886.398707	4.763882
886.571835	22.768552
886.744945	84.784639
886.918036	30.770628
887.091109	36.772185
887.264163	28.770109
887.437199	66.779969
887.610217	92.786715
887.783216	110.791386
887.956197	72.781526
888.129159	20.768033
888.302103	28.770109
888.475029	84.784639
888.647936	42.773742
888.820825	34.771666
888.993695	-47.249611
889.166547	-15.241308
889.339381	4.763882
889.512196	-7.239232
889.684992	64.779450
889.857771	14.766476
890.030530	38.772704
890.203272	-3.238194
890.375995	58.777893
890.548699	82.784120
890.721385	62.778931
890.894053	30.770628
891.066702	68.780488
891.239333	96.787753
891.411945	76.782564
891.584539	94.787234
891.757115	-9.239751
891.929672	28.770109
892.102210	22.768552
892.274730	72.781526
892.447232	2.763363
892.619715	66.779969
892.792180	72.781526
892.964626	70.781007
893.137054	-21.242865
893.309463	4.763882
893.481854	44.774261
893.654227	-9.239751
893.826581	34.771666
893.998916	24.769071
894.171233	-7.239232
894.343532	56.777374
894.515812	30.770628
894.688074	96.787753
894.860317	10.765439
895.032541	42.773742
895.204748	-9.239751
895.376935	6.764401
895.549105	50.775817
895.721255	44.774261
895.893388	60.778412
896.065501	26.769590
896.237597	58.777893
896.409673	64.779450
896.581732	-27.244421
896.753771	64.779450
896.925793	92.786715
897.097796	-15.241308
897.269780	-49.250130
897.441746	56.777374
897.613693	90.786196
897.785622	40.773223
897.957532	-5.238713
898.129424	6.764401
898.301297	58.777893
898.473152	68.780488
898.644988	-33.245978
898.816806	8.764920
898.988605	-21.242865
899.160386	32.771147
899.332148	44.774261
899.503892	38.772704
899.675617	6.764401
899.847323	92.786715
900.019011	42.773742
900.190681	48.775298
900.362332	18.767514
900.533964	38.772704
900.705578	-7.239232
900.877174	56.777374
901.048751	66.779969
901.220309	56.777374
901.391849	6.764401
901.563370	98.788272
901.734873	70.781007
901.906357	8.764920
902.077823	46.774779
902.249270	98.788272
902.420698	12.765957
902.592108	-25.243902
902.763499	26.769590
902.934872	34.771666
903.106227	112.791905
903.277562	48.775298
903.448879	90.786196
903.620178	76.782564
903.791458	120.793980
903.962720	66.779969
904.133962	-45.249092
904.305187	40.773223
904.476393	36.772185
904.647580	94.787234
904.818748	72.781526
904.989898	20.768033
905.161030	90.786196
905.332143	28.770109
905.503237	50.775817
905.674313	2.763363
905.845370	64.779450
906.016408	-15.241308
906.187428	-23.243383
906.358430	20.768033
906.529412	36.772185
906.700377	10.765439
906.871322	66.779969
907.042249	54.776855
907.213158	28.770109
907.384047	112.791905
907.554918	84.784639
907.725771	12.765957
907.896605	66.779969
908.067420	116.792942
908.238217	50.775817
908.408995	16.766995
908.579755	20.768033
908.750496	-43.248573
908.921218	0.762844
909.091922	-15.241308
909.262607	34.771666
909.433273	4.763882
909.603921	40.773223
909.774550	158.803840
909.945161	6.764401
910.115752	128.796056
910.286326	96.787753
910.456880	62.778931
910.627416	2.763363
910.797934	182.810067
910.968433	74.782045
911.138913	14.766476
911.309374	38.772704
911.479817	84.784639
911.650241	86.785158
911.820647	76.782564
911.991033	18.767514
912.161402	-41.248054
912.331751	-11.240270
912.502082	58.777893
912.672395	-3.238194
912.842688	80.783601
913.012963	10.765439
913.183219	0.762844
913.353457	-3.238194
913.523676	0.762844
913.693876	-9.239751
913.864058	44.774261
914.034221	18.767514
914.204365	92.786715
914.374491	38.772704
914.544598	2.763363
914.714686	120.793980
914.884756	96.787753
915.054807	36.772185
915.224839	58.777893
915.394853	92.786715
915.564847	78.783083
915.734824	34.771666
915.904781	28.770109
916.074720	52.776336
916.244640	44.774261
916.414542	94.787234
916.584424	56.777374
916.754288	-3.238194
916.924134	40.773223
917.093960	0.762844
917.263768	14.766476
917.433558	58.777893
917.603328	108.790867
917.773080	-9.239751
917.942813	70.781007
918.112527	54.776855
918.282223	4.763882
918.451900	-47.249611
918.621558	18.767514
918.791198	42.773742
918.960819	22.768552
919.130421	24.769071
919.300004	-9.239751
919.469569	20.768033
919.639115	60.778412
919.808642	14.766476
919.978151	26.769590
920.147641	22.768552
920.317112	104.789829
920.486564	4.763882
920.655997	106.790348
920.825412	68.780488
920.994808	62.778931
921.164186	22.768552
921.333544	40.773223
921.502884	44.774261
921.672205	-31.245459
921.841508	62.778931
922.010791	54.776855
922.180056	26.769590
922.349302	64.779450
922.518530	26.769590
922.687738	114.792423
922.856928	14.766476
923.026099	80.783601
923.195252	22.768552
923.364385	88.785677
923.533500	132.797094
923.702596	42.773742
923.871673	22.768552
924.040732	-5.238713
924.209771	58.777893
924.378792	-7.239232
924.547795	32.771147
924.716778	70.781007
924.885743	24.769071
925.054688	24.769071
925.223615	30.770628
925.392524	82.784120
925.561413	50.775817
925.730284	94.787234
925.899136	54.776855
926.067969	18.767514
926.236783	16.766995
926.405579	12.765957
926.574356	58.777893
926.743114	30.770628
926.911853	112.791905
927.080573	50.775817
927.249275	24.769071
927.417957	128.796056
927.586621	2.763363
927.755266	10.765439
927.923893	4.763882
928.092500	10.765439
928.261089	-25.243902
928.429659	0.762844
928.598210	36.772185
928.766742	68.780488
928.935256	84.784639
929.103750	102.789310
929.272226	54.776855
929.440683	36.772185
929.609121	56.777374
929.777540	60.778412
929.945941	18.767514
930.114322	38.772704
930.282685	132.797094
930.451029	90.786196
930.619354	56.777374
930.787661	4.763882
930.955948	50.775817
931.124217	68.780488
931.292466	-43.248573
931.460697	86.785158
931.628909	24.769071
931.797103	4.763882
931.965277	16.766995
932.133433	64.779450
932.301569	-21.242865
932.469687	166.805916
932.637786	0.762844
932.805866	62.778931
932.973927	-9.239751
933.141970	36.772185
933.309993	-13.240789
933.477998	102.789310
933.645984	90.786196
933.813951	-37.247016
933.981899	12.765957
934.149828	-27.244421
934.317738	-45.249092
934.485629	68.780488
934.653502	-19.242346
934.821356	8.764920
934.989190	28.770109
935.157006	32.771147
935.324803	104.789829
935.492581	-11.240270
935.660341	98.788272
935.828081	52.776336
935.995802	-13.240789
936.163505	50.775817
936.331189	20.768033
936.498853	48.775298
936.666499	44.774261
936.834126	120.793980
937.001734	8.764920
937.169323	-11.240270
937.336894	42.773742
937.504445	28.770109
937.671977	70.781007
937.839491	34.771666
938.006985	36.772185
938.174461	100.788791
938.341918	28.770109
938.509356	46.774779
938.676775	-11.240270
938.844175	64.779450
939.011556	-3.238194
939.178918	60.778412
939.346261	62.778931
939.513586	56.777374
939.680891	58.777893
939.848177	68.780488
940.015445	12.765957
940.182693	70.781007
940.349923	10.765439
940.517134	-7.239232
940.684326	-19.242346
940.851498	28.770109
941.018652	14.766476
941.185787	80.783601
941.352903	62.778931
941.520000	-35.246497
941.687078	28.770109
941.854137	46.774779
942.021178	10.765439
942.188199	54.776855
942.355201	4.763882
942.522184	72.781526
942.689149	38.772704
942.856094	76.782564
943.023021	10.765439
943.189928	72.781526
943.356817	50.775817
943.523686	54.776855
943.690537	40.773223
943.857368	0.762844
944.024181	66.779969
944.190974	56.777374
944.357749	54.776855
944.524505	74.782045
944.691241	74.782045
944.857959	-39.247535
945.024658	70.781007
945.191338	38.772704
945.357998	-15.241308
945.524640	148.801245
945.691263	34.771666
945.857867	46.774779
946.024451	6.764401
946.191017	94.787234
946.357564	-35.246497
946.524092	-3.238194
946.690601	46.774779
946.857090	58.777893
947.023561	50.775817
947.190013	64.779450
947.356446	4.763882
947.522859	46.774779
947.689254	56.777374
947.855630	76.782564
948.021986	34.771666
948.188324	92.786715
948.354643	62.778931
948.520942	42.773742
948.687223	-39.247535
948.853485	32.771147
949.019727	20.768033
949.185951	-9.239751
949.352155	72.781526
949.518341	26.769590
949.684507	54.776855
949.850655	56.777374
950.016783	94.787234
950.182892	102.789310
950.348983	-51.250649
950.515054	138.798651
950.681106	-5.238713
950.847139	50.775817
951.013153	-21.242865
951.179148	80.783601
951.345124	20.768033
951.511081	84.784639
951.677019	16.766995
951.842938	8.764920
952.008838	22.768552
952.174719	132.797094
952.340580	16.766995
952.506423	74.782045
952.672247	-45.249092
952.838051	130.796575
953.003837	60.778412
953.169603	82.784120
953.335350	92.786715
953.501078	36.772185
953.666788	-15.241308
953.832478	20.768033
953.998149	64.779450
954.163800	0.762844
954.329433	88.785677
954.495047	34.771666
954.660642	108.790867
954.826217	6.764401
954.991774	114.792423
955.157311	98.788272
955.322829	76.782564
955.488329	64.779450
955.653809	-25.243902
955.819270	96.787753
955.984712	28.770109
956.150134	40.773223
956.315538	26.769590
956.480923	30.770628
956.646288	74.782045
956.811635	-11.240270
956.976962	18.767514
957.142270	108.790867
957.307559	30.770628
957.472829	12.765957
957.638080	104.789829
957.803312	-11.240270
957.968524	16.766995
958.133718	38.772704
958.298892	40.773223
958.464047	34.771666
958.629184	76.782564
958.794301	2.763363
958.959398	30.770628
959.124477	-17.241827
959.289537	0.762844
959.454577	16.766995
959.619598	-31.245459
959.784601	66.779969
959.949584	22.768552
960.114548	62.778931
960.279492	22.768552
960.444418	26.769590
960.609324	80.783601
960.774212	74.782045
960.939080	30.770628
961.103929	106.790348
961.268759	24.769071
961.433569	22.768552
961.598361	104.789829
961.763133	34.771666
961.927887	56.777374
962.092621	14.766476
962.257336	54.776855
962.422031	-1.237675
962.586708	-23.243383
962.751365	54.776855
962.916004	62.778931
963.080623	82.784120
963.245222	10.765439
963.409803	142.799689
963.574365	58.777893
963.738907	50.775817
963.903430	48.775298
964.067934	8.764920
964.232419	18.767514
964.396885	136.798132
964.561331	-15.241308
964.725758	94.787234
964.890166	14.766476
965.054555	36.772185
965.218925	-57.252206
965.383275	70.781007
965.547607	26.769590
965.711919	82.784120
965.876212	40.773223
966.040485	26.769590
966.204740	42.773742
966.368975	92.786715
966.533191	20.768033
966.697388	54.776855
966.861565	48.775298
967.025724	28.770109
967.189863	148.801245
967.353983	76.782564
967.518084	34.771666
967.682165	-9.239751
967.846228	12.765957
968.010271	60.778412
968.174294	52.776336
968.338299	-39.247535
968.502285	-5.238713
968.666251	24.769071
968.830198	68.780488
968.994125	108.790867
969.158034	66.779969
969.321923	88.785677
969.485793	10.765439
969.649644	92.786715
969.813475	-59.252724
969.977288	16.766995
970.141081	42.773742
970.304854	16.766995
970.468609	24.769071
970.632344	44.774261
970.796060	86.785158
970.959757	16.766995
971.123434	10.765439
971.287093	-25.243902
971.450732	52.776336
971.614351	42.773742
971.777952	-33.245978
971.941533	56.777374
972.105095	18.767514
972.268638	40.773223
972.432161	24.769071
972.595665	50.775817
972.759150	22.768552
972.922616	88.785677
973.086062	50.775817
973.249489	-53.251168
973.412897	8.764920
973.576285	54.776855
973.739654	34.771666
973.903004	-15.241308
974.066335	12.765957
974.229646	50.775817
974.392938	-13.240789
974.556211	148.801245
974.719464	-5.238713
974.882698	60.778412
975.045913	64.779450
975.209109	12.765957
975.372285	36.772185
975.535442	72.781526
975.698579	-35.246497
975.861698	2.763363
976.024797	12.765957
976.187876	-27.244421
976.350937	-5.238713
976.513978	36.772185
976.677000	-19.242346
976.840002	-39.247535
977.002985	52.776336
977.165949	48.775298
977.328894	-19.242346
977.491819	68.780488
977.654725	22.768552
977.817611	20.768033
977.980478	22.768552
978.143326	68.780488
978.306155	132.797094
978.468964	58.777893
978.631754	48.775298
978.794524	-37.247016
978.957275	116.792942
979.120007	20.768033
979.282720	20.768033
979.445413	34.771666
979.608086	32.771147
979.770741	92.786715
979.933376	92.786715
980.095992	76.782564
980.258588	36.772185
980.421165	38.772704
980.583723	60.778412
980.746261	56.777374
980.908780	88.785677
981.071280	108.790867
981.233760	26.769590
981.396221	-11.240270
981.558662	14.766476
981.721084	38.772704
981.883487	-35.246497
982.045871	40.773223
982.208235	56.777374
982.370579	2.763363
982.532905	-5.238713
982.695210	40.773223
982.857497	74.782045
983.019764	50.775817
983.182012	48.775298
983.344240	4.763882
983.506449	50.775817
983.668639	-23.243383
983.830809	44.774261
983.992960	38.772704
984.155091	52.776336
984.317203	16.766995
984.479296	90.786196
984.641369	-35.246497
984.803423	-1.237675
984.965457	80.783601
985.127472	-9.239751
985.289468	40.773223
985.451444	-3.238194
985.613401	66.779969
985.775338	18.767514
985.937256	50.775817
986.099155	22.768552
986.261034	60.778412
986.422893	36.772185
986.584734	28.770109
986.746555	-27.244421
986.908356	90.786196
987.070138	44.774261
987.231901	100.788791
987.393644	60.778412
987.555367	64.779450
987.717072	24.769071
987.878757	16.766995
988.040422	24.769071
988.202068	20.768033
988.363695	-77.257395
988.525302	62.778931
988.686889	118.793461
988.848458	2.763363
989.010006	80.783601
989.171536	80.783601
989.333046	14.766476
989.494536	2.763363
989.656007	128.796056
989.817458	50.775817
989.978891	2.763363
990.140303	118.793461
990.301696	36.772185
990.463070	34.771666
990.624424	44.774261
990.785759	36.772185
990.947074	26.769590
991.108370	80.783601
991.269646	88.785677
991.430903	48.775298
991.592141	92.786715
991.753359	16.766995
991.914557	78.783083
992.075736	26.769590
992.236896	94.787234
992.398036	36.772185
992.559156	10.765439
992.720257	50.775817
992.881339	40.773223
993.042401	-1.237675
993.203443	116.792942
993.364466	80.783601
993.525470	52.776336
993.686454	34.771666
993.847419	26.769590
994.008364	-19.242346
994.169289	54.776855
994.330196	76.782564
994.491082	-35.246497
994.651949	96.787753
994.812797	-15.241308
994.973625	78.783083
995.134433	-23.243383
995.295223	52.776336
995.455992	42.773742
995.616742	58.777893
995.777473	58.777893
995.938184	62.778931
996.098875	68.780488
996.259547	32.771147
996.420199	48.775298
996.580832	64.779450
996.741446	66.779969
996.902039	-35.246497
997.062614	46.774779
997.223168	26.769590
997.383704	-9.239751
997.544219	76.782564
997.704716	48.775298
997.865192	66.779969
998.025649	92.786715
998.186087	-5.238713
998.346505	32.771147
998.506903	-1.237675
998.667282	28.770109
998.827641	56.777374
998.987981	88.785677
999.148301	62.778931
999.308602	66.779969
999.468883	72.781526
999.629145	154.802802
999.789387	70.781007
999.949609	66.779969
1000.109812	-23.243383
1000.269995	70.781007
1000.430159	88.785677
1000.590303	58.777893
1000.750428	-3.238194
1000.910533	78.783083
1001.070618	94.787234
1001.230684	86.785158
1001.390730	32.771147
1001.550757	60.778412
1001.710764	-9.239751
1001.870752	30.770628
1002.030720	86.785158
1002.190668	42.773742
1002.350597	28.770109
1002.510506	26.769590
1002.670395	22.768552
1002.830265	62.778931
1002.990116	28.770109
1003.149947	56.777374
1003.309758	64.779450
1003.469550	38.772704
1003.629322	46.774779
1003.789074	44.774261
1003.948807	-41.248054
1004.108520	54.776855
1004.268213	70.781007
1004.427887	42.773742
1004.587542	8.764920
1004.747177	30.770628
1004.906792	66.779969
1005.066387	46.774779
1005.225963	36.772185
1005.385519	58.777893
1005.545056	6.764401
1005.704573	0.762844
1005.864070	-33.245978
1006.023548	40.773223
1006.183006	-7.239232
1006.342445	-1.237675
1006.501864	58.777893
1006.661263	50.775817
1006.820642	58.777893
1006.980002	-9.239751
1007.139343	42.773742
1007.298663	-15.241308
1007.457964	52.776336
1007.617246	20.768033
1007.776508	-57.252206
1007.935750	0.762844
1008.094972	-37.247016
1008.254175	52.776336
1008.413358	76.782564
1008.572522	106.790348
1008.731665	30.770628
1008.890790	100.788791
1009.049894	44.774261
1009.208979	8.764920
1009.368044	-7.239232
1009.527090	90.786196
1009.686115	4.763882
1009.845122	-27.244421
1010.004108	78.783083
1010.163075	70.781007
1010.322022	16.766995
1010.480950	56.777374
1010.639857	28.770109
1010.798745	-1.237675
1010.957614	46.774779
1011.116463	42.773742
1011.275292	98.788272
1011.434101	16.766995
1011.592891	-29.244940
1011.751661	22.768552
1011.910411	80.783601
1012.069142	-3.238194
1012.227853	70.781007
1012.386544	28.770109
1012.545215	58.777893
1012.703867	34.771666
1012.862499	96.787753
1013.021112	42.773742
1013.179705	64.779450
1013.338278	24.769071
1013.496831	56.777374
1013.655364	38.772704
1013.813878	80.783601
1013.972372	50.775817
1014.130847	-9.239751
1014.289302	34.771666
1014.447737	34.771666
1014.606152	34.771666
1014.764547	8.764920
1014.922923	10.765439
1015.081279	-11.240270
1015.239616	8.764920
1015.397932	60.778412
1015.556229	58.777893
1015.714507	76.782564
1015.872764	136.798132
1016.031002	58.777893
1016.189220	56.777374
1016.347418	-39.247535
1016.505597	92.786715
1016.663755	70.781007
1016.821894	28.770109
1016.980014	30.770628
1017.138113	-5.238713
1017.296193	68.780488
1017.454253	6.764401
1017.612293	84.784639
1017.770314	-9.239751
1017.928314	4.763882
1018.086295	32.771147
1018.244257	6.764401
1018.402198	52.776336
1018.560120	-5.238713
1018.718022	76.782564
1018.875904	122.794499
1019.033766	-5.238713
1019.191609	64.779450
1019.349432	72.781526
1019.507235	92.786715
1019.665018	16.766995
1019.822782	-27.244421
1019.980525	26.769590
1020.138249	90.786196
1020.295954	64.779450
1020.453638	70.781007
1020.611303	56.777374
1020.768947	20.768033
1020.926573	-11.240270
1021.084178	74.782045
1021.241763	30.770628
1021.399329	46.774779
1021.556875	32.771147
1021.714401	76.782564
1021.871907	20.768033
1022.029394	30.770628
1022.186860	118.793461
1022.344307	-5.238713
1022.501734	44.774261
1022.659141	16.766995
1022.816529	-1.237675
1022.973896	2.763363
1023.131244	4.763882
1023.288572	16.766995
1023.445880	82.784120
1023.603169	-1.237675
1023.760437	40.773223
1023.917686	24.769071
1024.074915	-49.250130
1024.232124	88.785677
1024.389313	78.783083
1024.546482	54.776855
1024.703632	54.776855
1024.860762	46.774779
1025.017872	110.791386
1025.174962	-17.241827
1025.332032	46.774779
1025.489082	98.788272
1025.646113	110.791386
1025.803124	74.782045
1025.960114	22.768552
1026.117085	90.786196
1026.274037	-7.239232
1026.430968	18.767514
1026.587879	40.773223
1026.744771	66.779969
1026.901643	76.782564
1027.058495	14.766476
1027.215327	44.774261
1027.372139	62.778931
1027.528931	-11.240270
1027.685704	-43.248573
1027.842456	26.769590
1027.999189	36.772185
1028.155902	82.784120
1028.312595	-3.238194
1028.469268	12.765957
1028.625921	36.772185
1028.782554	20.768033
1028.939168	56.777374
1029.095761	108.790867
1029.252335	16.766995
1029.408889	-23.243383
1029.565423	0.762844
1029.721937	22.768552
1029.878431	64.779450
1030.034905	-17.241827
1030.191360	30.770628
1030.347794	50.775817
1030.504209	58.777893
1030.660604	-21.242865
1030.816978	6.764401
1030.973333	78.783083
1031.129668	12.765957
1031.285984	88.785677
1031.442279	28.770109
1031.598554	50.775817
1031.754809	10.765439
1031.911045	68.780488
1032.067260	42.773742
1032.223456	44.774261
1032.379632	48.775298
1032.535788	-3.238194
1032.691924	16.766995
1032.848040	16.766995
