344.945680	18.767514
345.162997	18.767514
345.380301	18.767514
345.597591	20.768033
345.814867	48.775298
346.032129	60.778412
346.249378	12.765957
346.466613	16.766995
346.683835	100.788791
346.901043	34.771666
347.118237	36.772185
347.335418	84.784639
347.552585	78.783083
347.769738	-11.240270
347.986878	16.766995
348.204003	28.770109
348.421116	-27.244421
348.638214	26.769590
348.855299	76.782564
349.072370	34.771666
349.289428	60.778412
349.506472	36.772185
349.723502	112.791905
349.940518	92.786715
350.157521	20.768033
350.374510	60.778412
350.591485	104.789829
350.808447	-5.238713
351.025395	68.780488
351.242329	68.780488
351.459250	44.774261
351.676157	-61.253243
351.893050	48.775298
352.109930	76.782564
352.326795	16.766995
352.543647	-3.238194
352.760486	40.773223
352.977310	102.789310
353.194121	20.768033
353.410919	86.785158
353.627702	28.770109
353.844472	74.782045
354.061228	58.777893
354.277970	20.768033
354.494699	110.791386
354.711414	-35.246497
354.928115	12.765957
355.144802	48.775298
355.361476	8.764920
355.578136	90.786196
355.794782	76.782564
356.011415	0.762844
356.228034	26.769590
356.444639	50.775817
356.661230	-7.239232
356.877808	20.768033
357.094371	54.776855
357.310921	24.769071
357.527458	88.785677
357.743980	74.782045
357.960489	68.780488
358.176984	-5.238713
358.393465	102.789310
358.609933	50.775817
358.826387	80.783601
359.042827	-83.258952
359.259253	0.762844
359.475666	-77.257395
359.692064	44.774261
359.908449	90.786196
360.124821	56.777374
360.341178	42.773742
360.557522	72.781526
360.773852	12.765957
360.990168	92.786715
361.206470	18.767514
361.422759	84.784639
361.639033	66.779969
361.855294	120.793980
362.071542	36.772185
362.287775	48.775298
362.503995	-39.247535
362.720201	48.775298
362.936393	-9.239751
363.152571	-79.257914
363.368735	58.777893
363.584886	38.772704
363.801023	134.797613
364.017146	62.778931
364.233255	6.764401
364.449351	68.780488
364.665433	30.770628
364.881500	46.774779
365.097554	58.777893
365.313595	30.770628
365.529621	80.783601
365.745634	58.777893
365.961633	62.778931
366.177618	12.765957
366.393589	-5.238713
366.609546	78.783083
366.825490	68.780488
367.041419	62.778931
367.257335	44.774261
367.473237	48.775298
367.689126	18.767514
367.905000	-19.242346
368.120861	6.764401
368.336707	92.786715
368.552540	-5.238713
368.768359	8.764920
368.984165	68.780488
369.199956	14.766476
369.415734	-19.242346
369.631497	108.790867
369.847247	66.779969
370.062983	100.788791
370.278705	-37.247016
370.494414	60.778412
370.710108	-19.242346
370.925789	0.762844
371.141456	68.780488
371.357108	60.778412
371.572747	20.768033
371.788373	80.783601
372.003984	6.764401
372.219581	72.781526
372.435165	-31.245459
372.650735	92.786715
372.866291	-5.238713
373.081833	10.765439
373.297361	66.779969
373.512875	42.773742
373.728375	68.780488
373.943862	152.802283
374.159334	-23.243383
374.374793	-19.242346
374.590238	0.762844
374.805669	52.776336
375.021086	98.788272
375.236489	146.800727
375.451878	44.774261
375.667254	30.770628
375.882615	28.770109
376.097963	52.776336
376.313296	40.773223
376.528616	24.769071
376.743922	-9.239751
376.959214	56.777374
377.174492	-75.256876
377.389756	22.768552
377.605007	62.778931
377.820243	30.770628
378.035466	2.763363
378.250674	52.776336
378.465869	90.786196
378.681050	102.789310
378.896216	38.772704
379.111369	12.765957
379.326508	20.768033
379.541633	24.769071
379.756744	-61.253243
379.971841	46.774779
380.186925	92.786715
380.401994	-39.247535
380.617049	18.767514
380.832091	-27.244421
381.047118	106.790348
381.262132	16.766995
381.477132	54.776855
381.692117	92.786715
381.907089	72.781526
382.122047	44.774261
382.336991	10.765439
382.551921	-49.250130
382.766837	56.777374
382.981739	134.797613
383.196627	32.771147
383.411501	-39.247535
383.626361	22.768552
383.841207	10.765439
384.056040	54.776855
384.270858	74.782045
384.485662	98.788272
384.700453	14.766476
384.915229	40.773223
385.129992	-1.237675
385.344740	8.764920
385.559475	60.778412
385.774195	6.764401
385.988902	46.774779
386.203594	14.766476
386.418273	50.775817
386.632937	60.778412
386.847588	134.797613
387.062225	34.771666
387.276847	58.777893
387.491456	16.766995
387.706051	40.773223
387.920631	42.773742
388.135198	76.782564
388.349751	28.770109
388.564290	54.776855
388.778814	66.779969
388.993325	8.764920
389.207822	28.770109
389.422305	20.768033
389.636773	46.774779
389.851228	64.779450
390.065669	26.769590
390.280095	64.779450
390.494508	68.780488
390.708907	18.767514
390.923291	30.770628
391.137662	32.771147
391.352019	38.772704
391.566361	28.770109
391.780690	36.772185
391.995004	-21.242865
392.209305	34.771666
392.423592	-33.245978
392.637864	92.786715
392.852122	0.762844
393.066367	64.779450
393.280597	16.766995
393.494814	2.763363
393.709016	56.777374
393.923204	14.766476
394.137379	74.782045
394.351539	42.773742
394.565685	48.775298
394.779817	18.767514
394.993935	82.784120
395.208039	0.762844
395.422129	52.776336
395.636205	50.775817
395.850267	32.771147
396.064315	32.771147
396.278348	94.787234
396.492368	80.783601
396.706374	16.766995
396.920365	-5.238713
397.134343	30.770628
397.348306	34.771666
397.562256	86.785158
397.776191	10.765439
397.990112	48.775298
398.204019	102.789310
398.417912	76.782564
398.631791	58.777893
398.845656	68.780488
399.059507	-1.237675
399.273344	42.773742
399.487167	68.780488
399.700975	4.763882
399.914770	-3.238194
400.128550	-69.255319
400.342317	92.786715
400.556069	76.782564
400.769807	0.762844
400.983531	8.764920
401.197241	100.788791
401.410937	60.778412
401.624619	128.796056
401.838286	66.779969
402.051940	62.778931
402.265579	56.777374
402.479205	80.783601
402.692816	-1.237675
402.906413	116.792942
403.119996	34.771666
403.333565	46.774779
403.547120	70.781007
403.760660	38.772704
403.974187	4.763882
404.187699	28.770109
404.401198	-9.239751
404.614682	42.773742
404.828152	58.777893
405.041608	76.782564
405.255050	-11.240270
405.468477	14.766476
405.681891	16.766995
405.895290	12.765957
406.108676	-7.239232
406.322047	20.768033
406.535404	18.767514
406.748747	6.764401
406.962075	76.782564
407.175390	38.772704
407.388690	52.776336
407.601976	80.783601
407.815249	-17.241827
408.028507	60.778412
408.241750	22.768552
408.454980	72.781526
408.668196	6.764401
408.881397	14.766476
409.094584	44.774261
409.307757	26.769590
409.520916	-5.238713
409.734061	38.772704
409.947191	66.779969
410.160307	16.766995
410.373410	56.777374
410.586498	4.763882
410.799572	26.769590
411.012631	-23.243383
411.225677	-13.240789
411.438708	26.769590
411.651725	44.774261
411.864728	32.771147
412.077717	78.783083
412.290691	64.779450
412.503652	52.776336
412.716598	36.772185
412.929530	42.773742
413.142448	10.765439
413.355351	46.774779
413.568241	92.786715
413.781116	-15.241308
413.993977	48.775298
414.206824	40.773223
414.419656	38.772704
414.632475	20.768033
414.845279	38.772704
415.058069	42.773742
415.270845	58.777893
415.483606	38.772704
415.696354	-27.244421
415.909087	-21.242865
416.121806	-3.238194
416.334511	24.769071
416.547201	-9.239751
416.759877	-15.241308
416.972539	48.775298
417.185187	56.777374
417.397821	30.770628
417.610440	30.770628
417.823045	-45.249092
418.035636	54.776855
418.248213	74.782045
418.460775	22.768552
418.673323	130.796575
418.885857	-39.247535
419.098377	42.773742
419.310883	80.783601
419.523374	34.771666
419.735851	72.781526
419.948313	26.769590
420.160762	20.768033
420.373196	34.771666
420.585616	44.774261
420.798022	46.774779
421.010413	88.785677
421.222791	40.773223
421.435153	88.785677
421.647502	-3.238194
421.859837	82.784120
422.072157	50.775817
422.284463	10.765439
422.496754	126.795537
422.709032	36.772185
422.921295	24.769071
423.133543	16.766995
423.345778	-7.239232
423.557998	182.810067
423.770204	32.771147
423.982396	6.764401
424.194573	118.793461
424.406736	46.774779
424.618885	70.781007
424.831020	154.802802
425.043140	-9.239751
425.255246	34.771666
425.467338	22.768552
425.679415	30.770628
425.891478	16.766995
426.103527	26.769590
426.315561	-15.241308
426.527582	94.787234
426.739588	30.770628
426.951579	50.775817
427.163556	8.764920
427.375519	42.773742
427.587468	-33.245978
427.799402	106.790348
428.011322	-7.239232
428.223228	-5.238713
428.435119	28.770109
428.646997	82.784120
428.858859	68.780488
429.070708	18.767514
429.282542	-35.246497
429.494362	48.775298
429.706167	-3.238194
429.917958	16.766995
430.129735	8.764920
430.341497	52.776336
430.553246	46.774779
430.764979	16.766995
430.976699	-13.240789
431.188404	10.765439
431.400095	-23.243383
431.611771	30.770628
431.823433	50.775817
432.035081	24.769071
432.246714	24.769071
432.458334	86.785158
432.669938	126.795537
432.881529	-7.239232
433.093105	34.771666
433.304666	46.774779
433.516213	26.769590
433.727746	50.775817
433.939265	106.790348
434.150769	72.781526
434.362259	66.779969
434.573734	24.769071
434.785196	28.770109
434.996642	60.778412
435.208075	58.777893
435.419493	140.799170
435.630896	-5.238713
435.842285	40.773223
436.053660	36.772185
436.265021	56.777374
436.476367	20.768033
436.687699	28.770109
436.899016	50.775817
437.110319	40.773223
437.321607	2.763363
437.532881	84.784639
437.744141	96.787753
437.955387	4.763882
438.166618	70.781007
438.377834	92.786715
438.589036	8.764920
438.800224	22.768552
439.011397	28.770109
439.222556	22.768552
439.433701	0.762844
439.644831	50.775817
439.855947	86.785158
440.067048	4.763882
440.278135	34.771666
440.489208	78.783083
440.700266	60.778412
440.911309	94.787234
441.122339	-15.241308
441.333353	12.765957
441.544354	54.776855
441.755340	16.766995
441.966311	10.765439
442.177268	34.771666
442.388211	44.774261
442.599139	18.767514
442.810053	70.781007
443.020953	32.771147
443.231837	0.762844
443.442708	20.768033
443.653564	44.774261
443.864406	26.769590
444.075233	66.779969
444.286046	50.775817
444.496844	-19.242346
444.707628	32.771147
444.918397	20.768033
445.129152	4.763882
445.339893	68.780488
445.550619	80.783601
445.761330	66.779969
445.972027	76.782564
446.182710	20.768033
446.393378	60.778412
446.604032	-5.238713
446.814671	40.773223
447.025296	0.762844
447.235906	36.772185
447.446502	-31.245459
447.657083	24.769071
447.867650	70.781007
448.078203	14.766476
448.288741	72.781526
448.499264	38.772704
448.709773	42.773742
448.920268	42.773742
449.130748	2.763363
449.341213	86.785158
449.551664	50.775817
449.762101	116.792942
449.972523	0.762844
450.182930	80.783601
450.393323	82.784120
450.603702	-43.248573
450.814066	24.769071
451.024415	26.769590
451.234751	34.771666
451.445071	128.796056
451.655377	24.769071
451.865669	106.790348
452.075946	4.763882
452.286208	52.776336
452.496456	-33.245978
452.706690	18.767514
452.916909	84.784639
453.127113	36.772185
453.337303	168.806435
453.547479	-1.237675
453.757639	64.779450
453.967786	104.789829
454.177918	44.774261
454.388035	82.784120
454.598138	34.771666
454.808226	70.781007
455.018300	10.765439
455.228359	0.762844
455.438404	68.780488
455.648434	-3.238194
455.858449	26.769590
456.068450	20.768033
456.278437	94.787234
456.488409	36.772185
456.698366	-31.245459
456.908309	80.783601
457.118237	56.777374
457.328151	130.796575
457.538050	20.768033
457.747935	118.793461
457.957805	62.778931
458.167660	6.764401
458.377501	48.775298
458.587328	52.776336
458.797140	38.772704
459.006937	-9.239751
459.216719	102.789310
459.426488	38.772704
459.636241	-19.242346
459.845980	-57.252206
460.055704	62.778931
460.265414	82.784120
460.475110	-9.239751
460.684790	4.763882
460.894456	70.781007
461.104108	18.767514
461.313745	-7.239232
461.523367	26.769590
461.732975	96.787753
461.942568	70.781007
462.152147	64.779450
462.361710	82.784120
462.571260	128.796056
462.780795	30.770628
462.990315	-5.238713
463.199820	46.774779
463.409311	92.786715
463.618788	58.777893
463.828249	102.789310
464.037697	12.765957
464.247129	-9.239751
464.456547	44.774261
464.665950	12.765957
464.875339	18.767514
465.084713	100.788791
465.294073	22.768552
465.503418	-39.247535
465.712748	48.775298
465.922063	-7.239232
466.131364	88.785677
466.340651	54.776855
466.549922	50.775817
466.759180	22.768552
466.968422	38.772704
467.177650	26.769590
467.386863	-37.247016
467.596062	-11.240270
467.805246	26.769590
468.014415	-17.241827
468.223569	76.782564
468.432709	76.782564
468.641835	-27.244421
468.850945	24.769071
469.060042	86.785158
469.269123	68.780488
469.478190	32.771147
469.687242	4.763882
469.896279	46.774779
470.105302	70.781007
470.314310	64.779450
470.523304	42.773742
470.732282	12.765957
470.941247	34.771666
471.150196	30.770628
471.359131	18.767514
471.568051	36.772185
471.776956	-19.242346
471.985847	-23.243383
472.194723	-17.241827
472.403585	60.778412
472.612432	96.787753
472.821264	52.776336
473.030081	82.784120
473.238884	14.766476
473.447672	16.766995
473.656445	-9.239751
473.865204	-27.244421
474.073948	-3.238194
474.282677	6.764401
474.491392	6.764401
474.700092	18.767514
474.908777	48.775298
475.117447	24.769071
475.326103	94.787234
475.534744	70.781007
475.743371	40.773223
475.951982	50.775817
476.160579	50.775817
476.369161	46.774779
476.577729	94.787234
476.786282	-9.239751
476.994820	44.774261
477.203343	28.770109
477.411852	22.768552
477.620346	-37.247016
477.828825	-37.247016
478.037290	64.779450
478.245740	48.775298
478.454175	-33.245978
478.662595	72.781526
478.871001	4.763882
479.079392	62.778931
479.287768	34.771666
479.496129	50.775817
479.704476	58.777893
479.912808	48.775298
480.121125	-5.238713
480.329428	28.770109
480.537715	120.793980
480.745988	24.769071
480.954247	50.775817
481.162490	80.783601
481.370719	24.769071
481.578933	-33.245978
481.787132	-33.245978
481.995316	84.784639
482.203486	18.767514
482.411641	-37.247016
482.619781	18.767514
482.827907	62.778931
483.036017	8.764920
483.244113	44.774261
483.452194	-7.239232
483.660261	68.780488
483.868312	94.787234
484.076349	2.763363
484.284371	64.779450
484.492379	22.768552
484.700371	44.774261
484.908349	42.773742
485.116312	156.803321
485.324260	22.768552
485.532193	58.777893
485.740112	20.768033
485.948016	52.776336
486.155905	80.783601
486.363779	34.771666
486.571638	40.773223
486.779483	40.773223
486.987313	160.804359
487.195128	-29.244940
487.402928	40.773223
487.610713	62.778931
487.818484	18.767514
488.026240	-21.242865
488.233981	40.773223
488.441707	94.787234
488.649419	30.770628
488.857115	-7.239232
489.064797	20.768033
489.272464	34.771666
489.480116	70.781007
489.687753	30.770628
489.895376	62.778931
490.102983	44.774261
490.310576	28.770109
490.518154	22.768552
490.725718	22.768552
490.933266	114.792423
491.140799	-23.243383
491.348318	28.770109
491.555822	118.793461
491.763311	118.793461
491.970785	20.768033
492.178245	42.773742
492.385689	-27.244421
492.593119	54.776855
492.800534	66.779969
493.007934	-23.243383
493.215319	24.769071
493.422689	100.788791
493.630044	22.768552
493.837385	96.787753
494.044711	74.782045
494.252022	14.766476
494.459318	24.769071
494.666599	54.776855
494.873865	-1.237675
495.081116	28.770109
495.288353	110.791386
495.495575	50.775817
495.702782	10.765439
495.909973	102.789310
496.117151	0.762844
496.324313	18.767514
496.531460	20.768033
496.738593	80.783601
496.945710	-1.237675
497.152813	-33.245978
497.359901	28.770109
497.566974	64.779450
497.774032	42.773742
497.981075	74.782045
498.188103	-13.240789
498.395116	84.784639
498.602115	50.775817
498.809098	36.772185
499.016067	20.768033
499.223021	64.779450
499.429960	28.770109
499.636884	8.764920
499.843793	-19.242346
500.050687	96.787753
500.257566	-13.240789
500.464431	12.765957
500.671280	6.764401
500.878115	20.768033
501.084934	-1.237675
501.291739	-11.240270
501.498529	32.771147
501.705304	6.764401
501.912063	-39.247535
502.118809	50.775817
502.325539	24.769071
502.532254	90.786196
502.738954	-1.237675
502.945639	66.779969
503.152310	52.776336
503.358965	2.763363
503.565606	36.772185
503.772231	-1.237675
503.978842	12.765957
504.185438	-23.243383
504.392018	72.781526
504.598584	80.783601
504.805135	110.791386
505.011671	36.772185
505.218192	-5.238713
505.424698	2.763363
505.631189	-17.241827
505.837665	30.770628
506.044127	48.775298
506.250573	20.768033
506.457004	-47.249611
506.663420	62.778931
506.869822	58.777893
507.076208	14.766476
507.282579	0.762844
507.488936	38.772704
507.695277	82.784120
507.901604	-15.241308
508.107915	58.777893
508.314212	6.764401
508.520494	-13.240789
508.726760	80.783601
508.933012	58.777893
509.139248	40.773223
509.345470	18.767514
509.551677	-7.239232
509.757869	70.781007
509.964045	112.791905
510.170207	46.774779
510.376354	24.769071
510.582485	62.778931
510.788602	62.778931
510.994704	58.777893
511.200791	50.775817
511.406862	58.777893
511.612919	34.771666
511.818961	42.773742
512.024988	80.783601
512.230999	40.773223
512.436996	-35.246497
512.642978	88.785677
512.848945	8.764920
513.054896	14.766476
513.260833	70.781007
513.466755	-15.241308
513.672661	6.764401
513.878553	14.766476
514.084429	54.776855
514.290291	42.773742
514.496138	38.772704
514.701969	50.775817
514.907786	42.773742
515.113587	-13.240789
515.319373	12.765957
515.525145	-9.239751
515.730901	56.777374
515.936642	72.781526
516.142369	36.772185
516.348080	4.763882
516.553776	102.789310
516.759457	46.774779
516.965123	50.775817
517.170775	-19.242346
517.376411	20.768033
517.582032	142.799689
517.787637	26.769590
517.993228	84.784639
518.198804	44.774261
518.404365	-3.238194
518.609910	18.767514
518.815441	64.779450
519.020957	92.786715
519.226457	16.766995
519.431943	-27.244421
519.637413	64.779450
519.842868	-13.240789
520.048308	8.764920
520.253734	38.772704
520.459144	8.764920
520.664539	38.772704
520.869919	-23.243383
521.075283	42.773742
521.280633	-33.245978
521.485968	66.779969
521.691287	54.776855
521.896592	38.772704
522.101881	88.785677
522.307155	66.779969
522.512415	4.763882
522.717659	14.766476
522.922888	58.777893
523.128102	82.784120
523.333301	144.800208
523.538484	108.790867
523.743653	38.772704
523.948806	80.783601
524.153945	88.785677
524.359068	46.774779
524.564176	-15.241308
524.769269	114.792423
524.974347	30.770628
525.179410	18.767514
525.384458	-5.238713
525.589491	86.785158
525.794508	20.768033
525.999511	-17.241827
526.204498	48.775298
526.409470	4.763882
526.614427	22.768552
526.819369	-15.241308
527.024296	94.787234
527.229207	26.769590
527.434104	68.780488
527.638985	42.773742
527.843851	26.769590
528.048702	-5.238713
528.253538	0.762844
528.458359	4.763882
528.663165	16.766995
528.867955	-27.244421
529.072730	68.780488
529.277491	6.764401
529.482236	20.768033
529.686966	46.774779
529.891680	52.776336
530.096380	28.770109
530.301064	42.773742
530.505734	8.764920
530.710388	74.782045
530.915027	-19.242346
531.119650	28.770109
531.324259	108.790867
531.528852	30.770628
531.733431	80.783601
531.937994	16.766995
532.142542	-63.253762
532.347075	-3.238194
532.551592	50.775817
532.756094	54.776855
532.960582	10.765439
533.165054	30.770628
533.369511	64.779450
533.573952	108.790867
533.778379	18.767514
533.982790	4.763882
534.187186	62.778931
534.391567	46.774779
534.595933	36.772185
534.800283	-7.239232
535.004619	32.771147
535.208939	18.767514
535.413244	50.775817
535.617533	24.769071
535.821808	42.773742
536.026067	54.776855
536.230311	48.775298
536.434540	72.781526
536.638754	-21.242865
536.842952	40.773223
537.047136	62.778931
537.251304	106.790348
537.455456	90.786196
537.659594	56.777374
537.863716	98.788272
538.067823	90.786196
538.271915	-7.239232
538.475992	40.773223
538.680054	118.793461
538.884100	32.771147
539.088131	60.778412
539.292147	34.771666
539.496147	34.771666
539.700132	26.769590
539.904103	22.768552
540.108057	76.782564
540.311997	52.776336
540.515921	176.808511
540.719830	44.774261
540.923724	-1.237675
541.127603	56.777374
541.331466	60.778412
541.535314	146.800727
541.739147	4.763882
541.942965	30.770628
542.146767	210.817333
542.350554	52.776336
542.554326	52.776336
542.758082	116.792942
542.961824	86.785158
543.165550	104.789829
543.369260	92.786715
543.572956	32.771147
543.776636	-7.239232
543.980301	86.785158
544.183951	82.784120
544.387585	64.779450
544.591204	26.769590
544.794808	74.782045
544.998397	106.790348
545.201970	108.790867
545.405528	14.766476
545.609070	148.801245
545.812598	68.780488
546.016110	88.785677
546.219607	96.787753
546.423088	134.797613
546.626554	52.776336
546.830005	84.784639
547.033441	70.781007
547.236861	66.779969
547.440266	78.783083
547.643656	96.787753
547.847031	44.774261
548.050390	-29.244940
548.253733	60.778412
548.457062	94.787234
548.660375	62.778931
548.863673	20.768033
549.066955	48.775298
549.270223	36.772185
549.473475	94.787234
549.676711	26.769590
549.879932	40.773223
550.083138	26.769590
550.286329	60.778412
550.489504	82.784120
550.692664	64.779450
550.895809	-1.237675
551.098938	24.769071
551.302052	80.783601
551.505151	28.770109
551.708234	2.763363
551.911302	94.787234
552.114355	66.779969
552.317392	10.765439
552.520414	40.773223
552.723420	40.773223
552.926411	-49.250130
553.129387	24.769071
553.332348	-27.244421
553.535293	34.771666
553.738223	-17.241827
553.941137	46.774779
554.144036	126.795537
554.346920	24.769071
554.549788	40.773223
554.752641	-5.238713
554.955479	86.785158
555.158301	14.766476
555.361108	30.770628
555.563900	94.787234
555.766676	84.784639
555.969437	-25.243902
556.172182	-1.237675
556.374912	34.771666
556.577627	58.777893
556.780326	60.778412
556.983010	18.767514
557.185678	30.770628
557.388331	56.777374
557.590969	12.765957
557.793591	-39.247535
557.996198	16.766995
558.198790	10.765439
558.401366	46.774779
558.603927	48.775298
558.806472	42.773742
559.009002	26.769590
559.211517	48.775298
559.414016	66.779969
559.616499	26.769590
559.818968	-31.245459
560.021421	12.765957
560.223858	62.778931
560.426280	52.776336
560.628687	28.770109
560.831078	18.767514
561.033454	80.783601
561.235815	-1.237675
561.438160	-51.250649
561.640489	24.769071
561.842803	8.764920
562.045102	66.779969
562.247385	18.767514
562.449653	60.778412
562.651906	-5.238713
562.854143	-5.238713
563.056364	84.784639
563.258570	36.772185
563.460761	120.793980
563.662936	60.778412
563.865096	12.765957
564.067241	68.780488
564.269369	100.788791
564.471483	34.771666
564.673581	16.766995
564.875664	48.775298
565.077731	76.782564
565.279782	24.769071
565.481819	24.769071
565.683839	46.774779
565.885845	34.771666
566.087835	4.763882
566.289809	-5.238713
566.491768	18.767514
566.693711	-17.241827
566.895639	0.762844
567.097552	44.774261
567.299449	124.795018
567.501330	100.788791
567.703197	-5.238713
567.905047	54.776855
568.106882	-11.240270
568.308702	12.765957
568.510506	48.775298
568.712295	84.784639
568.914068	98.788272
569.115826	32.771147
569.317568	40.773223
569.519295	58.777893
569.721006	68.780488
569.922702	-11.240270
570.124382	38.772704
570.326047	30.770628
570.527696	24.769071
570.729330	88.785677
570.930948	28.770109
571.132551	70.781007
571.334138	-25.243902
571.535710	2.763363
571.737266	22.768552
571.938807	56.777374
572.140332	66.779969
572.341842	30.770628
572.543336	20.768033
572.744815	42.773742
572.946278	-37.247016
573.147726	36.772185
573.349158	74.782045
573.550575	12.765957
573.751976	96.787753
573.953361	36.772185
574.154731	16.766995
574.356086	48.775298
574.557425	120.793980
574.758748	-1.237675
574.960056	72.781526
575.161348	58.777893
575.362625	54.776855
575.563886	42.773742
575.765132	66.779969
575.966362	42.773742
576.167577	12.765957
576.368776	-53.251168
576.569959	52.776336
576.771127	84.784639
576.972280	48.775298
577.173417	84.784639
577.374538	-15.241308
577.575644	60.778412
577.776734	20.768033
577.977809	18.767514
578.178868	72.781526
578.379911	34.771666
578.580939	8.764920
578.781951	52.776336
578.982948	48.775298
579.183929	106.790348
579.384895	4.763882
579.585845	54.776855
579.786780	84.784639
579.987699	62.778931
580.188602	-91.261028
580.389490	32.771147
580.590362	66.779969
580.791218	76.782564
580.992059	-13.240789
581.192885	-11.240270
581.393695	126.795537
581.594489	-27.244421
581.795267	32.771147
581.996031	32.771147
582.196778	20.768033
582.397510	46.774779
582.598226	8.764920
582.798927	18.767514
582.999612	70.781007
583.200281	16.766995
583.400935	54.776855
583.601573	78.783083
583.802196	124.795018
584.002803	90.786196
584.203394	50.775817
584.403970	70.781007
584.604530	14.766476
584.805074	16.766995
585.005603	16.766995
585.206116	-27.244421
585.406614	62.778931
585.607096	-37.247016
585.807562	46.774779
586.008013	58.777893
586.208448	64.779450
586.408868	74.782045
586.609272	92.786715
586.809660	50.775817
587.010032	36.772185
587.210389	74.782045
587.410731	52.776336
587.611056	60.778412
587.811366	40.773223
588.011660	44.774261
588.211939	8.764920
588.412202	40.773223
588.612450	64.779450
588.812681	70.781007
589.012897	-7.239232
589.213098	62.778931
589.413283	2.763363
589.613452	22.768552
589.813605	2.763363
590.013743	-1.237675
590.213865	102.789310
590.413971	24.769071
590.614062	62.778931
590.814137	16.766995
591.014197	58.777893
591.214240	6.764401
591.414268	58.777893
591.614281	82.784120
591.814277	-13.240789
592.014258	52.776336
592.214224	62.778931
592.414173	116.792942
592.614107	8.764920
592.814026	20.768033
593.013928	48.775298
593.213815	-5.238713
593.413686	52.776336
593.613542	138.798651
593.813382	24.769071
594.013206	42.773742
594.213014	8.764920
594.412807	72.781526
594.612584	-3.238194
594.812345	30.770628
595.012091	116.792942
595.211820	18.767514
595.411535	78.783083
595.611233	12.765957
595.810916	62.778931
596.010583	28.770109
596.210234	88.785677
596.409870	-5.238713
596.609489	32.771147
596.809093	106.790348
597.008682	64.779450
597.208255	-9.239751
597.407811	64.779450
597.607353	54.776855
597.806878	60.778412
598.006388	14.766476
598.205882	-1.237675
598.405360	90.786196
598.604823	54.776855
598.804269	36.772185
599.003701	66.779969
599.203116	50.775817
599.402515	0.762844
599.601899	10.765439
599.801267	44.774261
600.000620	-19.242346
600.199956	80.783601
600.399277	-1.237675
600.598582	56.777374
600.797871	112.791905
600.997145	-15.241308
601.196402	14.766476
601.395644	6.764401
601.594871	-53.251168
601.794081	102.789310
601.993276	34.771666
602.192455	-65.254281
602.391618	90.786196
602.590765	44.774261
602.789897	58.777893
602.989013	-3.238194
603.188113	30.770628
603.387197	44.774261
603.586266	64.779450
603.785318	72.781526
603.984355	84.784639
604.183376	-21.242865
604.382382	96.787753
604.581371	54.776855
604.780345	-9.239751
604.979303	40.773223
605.178245	-27.244421
605.377171	82.784120
605.576082	26.769590
605.774977	90.786196
605.973856	78.783083
606.172719	68.780488
606.371566	48.775298
606.570398	16.766995
606.769214	40.773223
606.968013	90.786196
607.166798	96.787753
607.365566	10.765439
607.564318	38.772704
607.763055	2.763363
607.961776	120.793980
608.160481	50.775817
608.359170	60.778412
608.557843	102.789310
608.756501	-11.240270
608.955143	54.776855
609.153769	96.787753
609.352379	60.778412
609.550973	54.776855
609.749551	104.789829
609.948114	38.772704
610.146661	58.777893
610.345191	64.779450
610.543706	90.786196
610.742206	142.799689
610.940689	162.804878
611.139156	88.785677
611.337608	190.812143
611.536044	60.778412
611.734464	174.807992
611.932868	104.789829
612.131256	86.785158
612.329628	174.807992
612.527985	56.777374
612.726326	162.804878
612.924650	82.784120
613.122959	90.786196
613.321252	78.783083
613.519530	106.790348
613.717791	44.774261
613.916036	-11.240270
614.114266	156.803321
614.312480	118.793461
614.510677	80.783601
614.708859	76.782564
614.907025	24.769071
615.105176	72.781526
615.303310	38.772704
615.501428	150.801764
615.699531	76.782564
615.897617	42.773742
616.095688	50.775817
616.293743	66.779969
616.491782	110.791386
616.689805	76.782564
616.887812	148.801245
617.085803	-7.239232
617.283779	16.766995
617.481738	86.785158
617.679682	32.771147
617.877609	20.768033
618.075521	18.767514
618.273417	14.766476
618.471297	74.782045
618.669161	118.793461
618.867009	64.779450
619.064841	84.784639
619.262657	74.782045
619.460458	124.795018
619.658242	94.787234
619.856011	114.792423
620.053763	136.798132
620.251500	32.771147
620.449221	32.771147
620.646925	106.790348
620.844614	40.773223
621.042287	74.782045
621.239944	74.782045
621.437585	122.794499
621.635210	96.787753
621.832819	110.791386
622.030413	108.790867
622.227990	112.791905
622.425551	80.783601
622.623097	58.777893
622.820626	154.802802
623.018139	40.773223
623.215637	50.775817
623.413119	106.790348
623.610584	120.793980
623.808034	168.806435
624.005468	142.799689
624.202885	172.807473
624.400287	208.816814
624.597673	186.811105
624.795043	230.822522
624.992397	150.801764
625.189735	244.826155
625.387057	190.812143
625.584362	372.859367
625.781652	246.826674
625.978926	246.826674
626.176185	352.854177
626.373427	370.858848
626.570653	364.857291
626.767863	402.867151
626.965057	522.898287
627.162235	398.866113
627.359397	468.884276
627.556543	564.909185
627.753673	620.923716
627.950788	636.927867
628.147886	734.953295
628.344968	800.970420
628.542034	945.007784
628.739084	860.985989
628.936118	993.020239
629.133137	1015.025947
629.330139	1219.078879
629.527125	1203.074728
629.724095	1301.100156
629.921049	1399.125584
630.117987	1599.177478
630.314909	1685.199792
630.511815	1761.219512
630.708705	1817.234043
630.905579	2047.293721
631.102437	2159.322782
631.299279	2293.357551
631.496105	2511.414115
631.692915	2523.417229
631.889709	2715.467047
632.086487	3047.553191
632.283249	3261.608718
632.479995	3359.634146
632.676725	3497.669953
632.873438	3665.713544
633.070136	3871.766995
633.266818	4125.832901
633.463483	4579.950701
633.660133	4699.981837
633.856767	5240.121951
634.053384	5336.146860
634.249986	5538.199273
634.446571	5914.296834
634.643140	6230.378827
634.839694	6612.477945
635.036231	6884.548521
635.232752	7368.674105
635.429257	7788.783083
635.625746	7954.826155
635.822219	8326.922678
636.018676	8651.006746
636.215117	9173.142190
636.411542	9615.256876
636.607950	10141.393358
636.804343	10499.486248
637.000720	11037.625843
637.197080	11339.704203
637.393425	11911.852621
637.589753	12115.905553
637.786065	12634.039958
637.982361	13324.218993
638.178642	13770.334717
638.374906	14532.532434
638.571154	15018.658537
638.767385	15902.887909
638.963601	16507.044629
639.159801	17459.291645
639.355984	17475.295797
639.552152	17899.405812
639.748303	18593.585885
639.944438	19203.744162
640.140558	20356.043072
640.336661	21004.211209
640.532748	21060.225739
640.728819	22090.492994
640.924873	23036.738454
641.120912	22908.705241
641.316935	23552.872340
641.512941	24525.124546
641.708931	24903.222626
641.904906	25949.494032
642.100864	26225.565646
642.296806	26663.679294
642.492731	26761.704722
642.688641	27121.798132
642.884535	28586.177997
643.080412	28800.233524
643.276274	29626.447846
643.472119	29860.508563
643.667948	30520.679813
643.863761	30700.726518
644.059558	31166.847431
644.255338	31220.861443
644.451103	30844.763882
644.646851	32063.079917
644.842583	31997.062792
645.038300	31799.011417
645.234000	32245.127141
645.429683	31757.000519
645.625351	32035.072652
645.821003	31220.861443
646.016638	31370.900363
646.212257	30504.675662
646.407860	31088.827193
646.603447	30716.730669
646.799018	30920.783601
646.994572	30076.564608
647.190111	29670.459263
647.385633	29318.367929
647.581139	28948.271925
647.776629	28426.136482
647.972103	27924.006227
648.167560	27401.870784
648.363002	26997.765957
648.558427	25815.459263
648.753836	25315.329528
648.949229	24691.167618
649.144606	23618.889465
649.339966	23452.846393
649.535311	23244.792423
649.730639	22938.713025
649.925951	21750.404774
650.121246	21250.275039
650.316526	19623.853140
650.511789	19011.694344
650.707037	18645.599377
650.902268	17815.384017
651.097483	16961.162429
651.292681	16789.117800
651.487864	15778.855734
651.683030	15022.659574
651.878180	14616.554229
652.073314	13724.322782
652.268431	13034.143747
652.463533	12582.026466
652.658618	11875.843280
652.853687	11435.729113
653.048739	10853.578101
653.243776	10273.427608
653.438796	10123.388687
653.633800	9617.257395
653.828788	8961.087182
654.023760	8518.972496
654.218715	8092.861962
654.413655	7624.740529
654.608578	7300.656461
654.803484	6676.494551
654.998375	6354.411002
655.193249	6014.322782
655.388107	5584.211209
655.582949	5222.117281
655.777775	5146.097561
655.972584	4619.961079
656.167377	4249.865075
656.362154	4107.828230
656.556914	3977.794499
656.751659	3667.714063
656.946387	3405.646082
657.141099	3051.554229
657.335794	2941.525688
657.530474	2691.460820
657.725137	2437.394914
657.919784	2505.412558
658.114414	2245.345096
658.309029	1961.271406
658.503627	1841.240270
658.698208	1813.233005
658.892774	1699.203425
659.087323	1493.149974
659.281856	1427.132849
659.476373	1227.080955
659.670873	1225.080436
659.865358	1041.032693
660.059825	1121.053451
660.254277	969.014011
660.448712	792.968345
660.643131	878.990659
660.837534	766.961598
661.031921	750.957447
661.226291	682.939803
661.420645	598.918007
661.614983	546.904515
661.809304	458.881681
662.003609	570.910742
662.197898	432.874935
662.392170	370.858848
662.586426	432.874935
662.780666	380.861443
662.974890	300.840685
663.169097	278.834977
663.363288	192.812662
663.557463	186.811105
663.751621	220.819927
663.945763	160.804359
664.139889	246.826674
664.333998	158.803840
664.528091	188.811624
664.722168	148.801245
664.916228	74.782045
665.110272	154.802802
665.304300	138.798651
665.498312	96.787753
665.692307	92.786715
665.886286	128.796056
666.080248	36.772185
666.274194	88.785677
666.468124	86.785158
666.662038	84.784639
666.855935	70.781007
667.049816	40.773223
667.243680	50.775817
667.437528	50.775817
667.631360	120.793980
667.825176	98.788272
668.018975	38.772704
668.212757	52.776336
668.406524	104.789829
668.600274	70.781007
668.794008	16.766995
668.987725	86.785158
669.181426	64.779450
669.375111	18.767514
669.568779	26.769590
669.762431	54.776855
669.956066	34.771666
670.149686	46.774779
670.343288	80.783601
670.536875	24.769071
670.730445	-13.240789
670.923999	68.780488
671.117536	58.777893
671.311057	2.763363
671.504562	-21.242865
671.698050	56.777374
671.891522	92.786715
672.084977	-3.238194
672.278416	40.773223
672.471839	32.771147
672.665245	54.776855
672.858635	84.784639
673.052008	56.777374
673.245366	58.777893
673.438706	34.771666
673.632031	38.772704
673.825338	56.777374
674.018630	50.775817
674.211905	100.788791
674.405164	80.783601
674.598406	-13.240789
674.791632	62.778931
674.984842	24.769071
675.178035	24.769071
675.371211	30.770628
675.564372	28.770109
675.757515	66.779969
675.950643	6.764401
676.143754	26.769590
676.336848	50.775817
676.529927	36.772185
676.722988	160.804359
676.916034	94.787234
677.109063	80.783601
677.302075	84.784639
677.495071	48.775298
677.688051	42.773742
677.881014	50.775817
678.073961	14.766476
678.266891	28.770109
678.459805	38.772704
678.652702	108.790867
678.845583	20.768033
679.038448	70.781007
679.231296	-35.246497
679.424127	70.781007
679.616942	-11.240270
679.809741	72.781526
680.002524	30.770628
680.195289	20.768033
680.388039	58.777893
680.580772	-3.238194
680.773488	46.774779
680.966188	30.770628
681.158872	32.771147
681.351539	24.769071
681.544189	32.771147
681.736823	42.773742
681.929441	14.766476
682.122042	98.788272
682.314627	82.784120
682.507195	-5.238713
682.699747	64.779450
682.892282	86.785158
683.084801	76.782564
683.277303	84.784639
683.469789	20.768033
683.662258	38.772704
683.854711	70.781007
684.047148	16.766995
684.239567	-27.244421
684.431971	60.778412
684.624358	62.778931
684.816728	38.772704
685.009082	30.770628
685.201419	16.766995
685.393740	24.769071
685.586045	114.792423
685.778333	18.767514
685.970604	94.787234
686.162859	50.775817
686.355097	62.778931
686.547319	108.790867
686.739524	72.781526
686.931713	38.772704
687.123886	40.773223
687.316041	50.775817
687.508181	40.773223
687.700303	22.768552
687.892410	62.778931
688.084499	54.776855
688.276572	24.769071
688.468629	-17.241827
688.660669	62.778931
688.852693	82.784120
689.044700	-33.245978
689.236690	46.774779
689.428664	74.782045
689.620622	-77.257395
689.812563	-23.243383
690.004487	46.774779
690.196395	58.777893
690.388286	76.782564
690.580161	-23.243383
690.772019	6.764401
690.963861	78.783083
691.155686	-3.238194
691.347494	16.766995
691.539286	-1.237675
691.731061	66.779969
691.922820	90.786196
692.114562	40.773223
692.306288	2.763363
692.497997	26.769590
692.689690	44.774261
692.881366	60.778412
693.073025	78.783083
693.264668	28.770109
693.456295	-11.240270
693.647904	44.774261
693.839497	72.781526
694.031074	58.777893
694.222634	0.762844
694.414177	60.778412
694.605704	144.800208
694.797214	50.775817
694.988708	56.777374
695.180185	78.783083
695.371646	80.783601
695.563089	42.773742
695.754517	52.776336
695.945927	74.782045
696.137321	-9.239751
696.328699	-21.242865
696.520060	20.768033
696.711404	4.763882
696.902732	-7.239232
697.094043	98.788272
697.285337	-15.241308
697.476615	92.786715
697.667876	60.778412
697.859121	30.770628
698.050349	80.783601
698.241560	74.782045
698.432755	24.769071
698.623933	56.777374
698.815095	-9.239751
699.006240	46.774779
699.197368	-15.241308
699.388480	114.792423
699.579575	-49.250130
699.770653	94.787234
699.961715	102.789310
700.152760	62.778931
700.343789	24.769071
700.534800	90.786196
700.725796	-13.240789
700.916774	14.766476
701.107736	46.774779
701.298681	-5.238713
701.489610	0.762844
701.680522	-23.243383
701.871417	-13.240789
702.062296	82.784120
702.253158	24.769071
702.444004	82.784120
702.634832	18.767514
702.825644	28.770109
703.016440	16.766995
703.207219	18.767514
703.397981	76.782564
703.588726	88.785677
703.779455	-43.248573
703.970167	-29.244940
704.160863	56.777374
704.351541	44.774261
704.542203	50.775817
704.732849	40.773223
704.923478	32.771147
705.114090	34.771666
705.304685	40.773223
705.495264	12.765957
705.685826	74.782045
705.876371	18.767514
706.066900	68.780488
706.257412	6.764401
706.447907	-3.238194
706.638385	44.774261
706.828847	-3.238194
707.019292	-39.247535
707.209721	38.772704
707.400133	-11.240270
707.590528	4.763882
707.780906	-11.240270
707.971268	26.769590
708.161613	-5.238713
708.351941	60.778412
708.542253	12.765957
708.732548	76.782564
708.922826	20.768033
709.113087	48.775298
709.303332	4.763882
709.493560	12.765957
709.683771	16.766995
709.873966	36.772185
710.064143	78.783083
710.254304	68.780488
710.444449	16.766995
710.634576	34.771666
710.824687	4.763882
711.014782	38.772704
711.204859	40.773223
711.394920	22.768552
711.584964	-3.238194
711.774991	80.783601
711.965001	-9.239751
712.154995	90.786196
712.344972	58.777893
712.534932	28.770109
712.724876	26.769590
712.914803	10.765439
713.104713	36.772185
713.294606	32.771147
713.484483	60.778412
713.674342	28.770109
713.864185	68.780488
714.054011	52.776336
714.243821	70.781007
714.433614	56.777374
714.623390	-15.241308
714.813149	40.773223
715.002891	100.788791
715.192617	66.779969
715.382326	86.785158
715.572018	14.766476
715.761693	30.770628
715.951352	44.774261
716.140993	68.780488
716.330618	-45.249092
716.520227	54.776855
716.709818	-41.248054
716.899393	84.784639
717.088951	-19.242346
717.278492	28.770109
717.468016	86.785158
717.657523	-29.244940
717.847014	20.768033
718.036488	64.779450
718.225945	36.772185
718.415385	-41.248054
718.604809	8.764920
718.794216	96.787753
718.983606	-45.249092
719.172979	88.785677
719.362335	22.768552
719.551674	2.763363
719.740997	38.772704
719.930303	56.777374
720.119592	-17.241827
720.308864	46.774779
720.498120	0.762844
720.687358	86.785158
720.876580	-17.241827
721.065785	74.782045
721.254973	-9.239751
721.444144	78.783083
721.633299	62.778931
721.822436	-5.238713
722.011557	20.768033
722.200661	18.767514
722.389748	-13.240789
722.578818	62.778931
722.767872	36.772185
722.956909	48.775298
723.145928	32.771147
723.334931	52.776336
723.523917	10.765439
723.712887	20.768033
723.901839	42.773742
724.090775	74.782045
724.279693	32.771147
724.468595	44.774261
724.657480	-19.242346
724.846348	12.765957
725.035199	-11.240270
725.224034	62.778931
725.412851	36.772185
725.601652	-3.238194
725.790436	72.781526
725.979203	24.769071
726.167953	30.770628
726.356686	-31.245459
726.545402	-3.238194
726.734102	86.785158
726.922784	2.763363
727.111450	46.774779
727.300099	-5.238713
727.488731	-11.240270
727.677346	14.766476
727.865944	80.783601
728.054525	-21.242865
728.243090	108.790867
728.431637	-7.239232
728.620168	26.769590
728.808682	50.775817
728.997178	72.781526
729.185658	-19.242346
729.374121	78.783083
729.562567	52.776336
729.750997	20.768033
729.939409	42.773742
730.127804	-7.239232
730.316183	94.787234
730.504545	28.770109
730.692889	24.769071
730.881217	44.774261
731.069528	6.764401
731.257822	70.781007
731.446099	104.789829
731.634359	66.779969
731.822602	-27.244421
732.010828	22.768552
732.199038	74.782045
732.387230	102.789310
732.575406	52.776336
732.763564	28.770109
732.951706	82.784120
733.139831	4.763882
733.327938	50.775817
733.516029	24.769071
733.704103	96.787753
733.892160	44.774261
734.080200	72.781526
734.268223	40.773223
734.456229	30.770628
734.644218	-61.253243
734.832191	68.780488
735.020146	54.776855
735.208084	30.770628
735.396006	90.786196
735.583910	-15.241308
735.771797	32.771147
735.959668	62.778931
736.147522	-5.238713
736.335358	28.770109
736.523178	38.772704
736.710980	54.776855
736.898766	18.767514
737.086535	24.769071
737.274286	44.774261
737.462021	18.767514
737.649739	14.766476
737.837440	24.769071
738.025124	-21.242865
738.212791	20.768033
738.400440	20.768033
738.588073	62.778931
738.775689	46.774779
738.963288	40.773223
739.150870	-51.250649
739.338435	48.775298
739.525983	90.786196
739.713514	82.784120
739.901028	42.773742
740.088525	16.766995
740.276005	-1.237675
740.463468	-31.245459
740.650914	-51.250649
740.838343	32.771147
741.025755	58.777893
741.213150	-13.240789
741.400528	22.768552
741.587889	44.774261
741.775233	-21.242865
741.962559	80.783601
742.149869	4.763882
742.337162	14.766476
742.524438	16.766995
742.711697	-15.241308
742.898939	62.778931
743.086164	-7.239232
743.273371	22.768552
743.460562	66.779969
743.647736	14.766476
743.834892	10.765439
744.022032	70.781007
744.209155	54.776855
744.396260	32.771147
744.583349	-33.245978
744.770420	56.777374
744.957475	50.775817
745.144512	-17.241827
745.331533	50.775817
745.518536	98.788272
745.705522	18.767514
745.892491	44.774261
746.079444	58.777893
746.266379	84.784639
746.453297	88.785677
746.640198	12.765957
746.827082	8.764920
747.013949	-11.240270
747.200798	4.763882
747.387631	-5.238713
747.574447	72.781526
747.761246	42.773742
747.948027	-7.239232
748.134792	56.777374
748.321539	12.765957
748.508269	54.776855
748.694983	-43.248573
748.881679	42.773742
749.068358	6.764401
749.255020	68.780488
749.441665	22.768552
749.628293	44.774261
749.814904	0.762844
750.001497	-5.238713
750.188074	52.776336
750.374633	2.763363
750.561176	16.766995
750.747701	42.773742
750.934209	24.769071
751.120701	24.769071
751.307175	52.776336
751.493631	142.799689
751.680071	16.766995
751.866494	58.777893
752.052900	14.766476
752.239288	116.792942
752.425660	42.773742
752.612014	34.771666
752.798351	-47.249611
752.984671	-13.240789
753.170974	12.765957
753.357260	36.772185
753.543529	32.771147
753.729780	110.791386
753.916015	64.779450
754.102232	64.779450
754.288432	4.763882
754.474615	14.766476
754.660781	-25.243902
754.846930	66.779969
755.033062	38.772704
755.219176	36.772185
755.405274	34.771666
755.591354	58.777893
755.777417	92.786715
755.963463	2.763363
756.149492	76.782564
756.335503	40.773223
756.521498	60.778412
756.707475	48.775298
756.893436	40.773223
757.079379	44.774261
757.265305	34.771666
757.451213	-7.239232
757.637105	30.770628
757.822979	54.776855
758.008837	56.777374
758.194677	28.770109
758.380500	78.783083
758.566306	-13.240789
758.752094	-5.238713
758.937866	114.792423
759.123620	4.763882
759.309357	62.778931
759.495077	12.765957
759.680780	8.764920
759.866465	4.763882
760.052134	-19.242346
760.237785	98.788272
760.423419	64.779450
760.609036	34.771666
760.794636	112.791905
760.980218	12.765957
761.165783	-19.242346
761.351331	-57.252206
761.536862	60.778412
761.722376	46.774779
761.907873	-7.239232
762.093352	28.770109
762.278814	118.793461
762.464259	-43.248573
762.649687	62.778931
762.835097	2.763363
763.020490	64.779450
763.205866	26.769590
763.391225	88.785677
763.576567	82.784120
763.761891	80.783601
763.947199	-1.237675
764.132489	-35.246497
764.317761	62.778931
764.503017	32.771147
764.688255	34.771666
764.873476	102.789310
765.058680	72.781526
765.243867	26.769590
765.429036	34.771666
765.614188	36.772185
765.799323	-33.245978
765.984441	18.767514
766.169542	20.768033
766.354625	84.784639
766.539691	112.791905
766.724740	86.785158
766.909771	16.766995
767.094785	-47.249611
767.279782	24.769071
767.464762	38.772704
767.649725	-9.239751
767.834670	-1.237675
768.019598	74.782045
768.204509	18.767514
768.389402	-5.238713
768.574278	42.773742
768.759137	90.786196
768.943979	-35.246497
769.128804	36.772185
769.313611	44.774261
769.498401	64.779450
769.683173	40.773223
769.867929	24.769071
770.052667	20.768033
770.237388	20.768033
770.422091	46.774779
770.606777	62.778931
770.791446	54.776855
770.976098	-47.249611
771.160733	-51.250649
771.345350	74.782045
771.529950	58.777893
771.714532	10.765439
771.899097	58.777893
772.083645	-15.241308
772.268176	56.777374
772.452689	24.769071
772.637185	36.772185
772.821664	52.776336
773.006126	18.767514
773.190570	50.775817
773.374997	-5.238713
773.559406	-15.241308
773.743799	96.787753
773.928174	-39.247535
774.112531	8.764920
774.296872	24.769071
774.481195	42.773742
774.665500	78.783083
774.849789	46.774779
775.034060	18.767514
775.218313	86.785158
775.402550	16.766995
775.586769	62.778931
775.770971	66.779969
775.955155	100.788791
776.139322	126.795537
776.323472	70.781007
776.507605	-17.241827
776.691720	-7.239232
776.875817	24.769071
777.059898	46.774779
777.243961	-45.249092
777.428007	50.775817
777.612035	38.772704
777.796046	62.778931
777.980040	6.764401
778.164016	52.776336
778.347975	52.776336
778.531917	62.778931
778.715841	34.771666
778.899748	34.771666
779.083638	60.778412
779.267510	84.784639
779.451365	-37.247016
779.635202	0.762844
779.819022	72.781526
780.002825	-31.245459
780.186611	20.768033
780.370379	112.791905
780.554129	38.772704
780.737863	34.771666
780.921579	26.769590
781.105277	4.763882
781.288958	62.778931
781.472622	94.787234
781.656268	4.763882
781.839898	-39.247535
782.023509	56.777374
782.207103	30.770628
782.390680	86.785158
782.574240	60.778412
782.757782	-21.242865
782.941306	2.763363
783.124814	22.768552
783.308304	74.782045
783.491776	12.765957
783.675231	64.779450
783.858669	-7.239232
784.042089	86.785158
784.225492	16.766995
784.408878	124.795018
784.592246	-29.244940
784.775596	42.773742
784.958929	22.768552
785.142245	30.770628
785.325544	96.787753
785.508825	32.771147
785.692088	-3.238194
785.875334	66.779969
786.058563	26.769590
786.241774	62.778931
786.424968	34.771666
786.608145	-15.241308
786.791304	16.766995
786.974445	48.775298
787.157569	94.787234
787.340676	-43.248573
787.523765	34.771666
787.706837	34.771666
787.889892	46.774779
788.072929	46.774779
788.255948	116.792942
788.438950	32.771147
788.621935	96.787753
788.804902	86.785158
788.987852	30.770628
789.170784	48.775298
789.353699	70.781007
789.536596	-5.238713
789.719476	-17.241827
789.902338	-9.239751
790.085183	6.764401
790.268011	22.768552
790.450821	92.786715
790.633614	70.781007
790.816389	26.769590
790.999146	6.764401
791.181887	58.777893
791.364609	48.775298
791.547314	-73.256357
791.730002	-39.247535
791.912673	-9.239751
792.095325	0.762844
792.277961	2.763363
792.460578	58.777893
792.643179	50.775817
792.825762	46.774779
793.008327	114.792423
793.190875	68.780488
793.373405	60.778412
793.555918	80.783601
793.738414	18.767514
793.920891	4.763882
794.103352	8.764920
794.285795	52.776336
794.468220	38.772704
794.650628	-3.238194
794.833018	0.762844
795.015391	-9.239751
795.197747	96.787753
795.380085	-33.245978
795.562405	52.776336
795.744708	86.785158
795.926993	26.769590
796.109261	18.767514
796.291511	6.764401
796.473744	40.773223
796.655959	38.772704
796.838157	64.779450
797.020337	28.770109
797.202500	66.779969
797.384645	14.766476
797.566772	-9.239751
797.748883	50.775817
797.930975	-3.238194
798.113050	60.778412
798.295108	42.773742
798.477147	-17.241827
798.659170	24.769071
798.841175	8.764920
799.023162	-35.246497
799.205132	88.785677
799.387084	34.771666
799.569018	-9.239751
799.750936	66.779969
799.932835	88.785677
800.114717	42.773742
800.296582	12.765957
800.478428	6.764401
800.660258	-15.241308
800.842069	50.775817
801.023864	32.771147
801.205640	32.771147
801.387399	26.769590
801.569141	6.764401
801.750865	28.770109
801.932571	14.766476
802.114260	-1.237675
802.295931	12.765957
802.477584	6.764401
802.659220	-55.251687
802.840839	-25.243902
803.022440	46.774779
803.204023	-19.242346
803.385589	70.781007
803.567137	94.787234
803.748667	6.764401
803.930180	46.774779
804.111676	-15.241308
804.293153	34.771666
804.474613	58.777893
804.656056	-33.245978
804.837481	26.769590
805.018888	-29.244940
805.200278	-19.242346
805.381650	100.788791
805.563005	18.767514
805.744341	-47.249611
805.925661	32.771147
806.106962	-43.248573
806.288246	84.784639
806.469513	-43.248573
806.650762	-29.244940
806.831993	38.772704
807.013207	76.782564
807.194403	8.764920
807.375581	28.770109
807.556742	44.774261
807.737885	46.774779
807.919010	76.782564
808.100118	10.765439
808.281208	-15.241308
808.462281	16.766995
808.643336	50.775817
808.824373	36.772185
809.005393	-11.240270
809.186395	38.772704
809.367379	-37.247016
809.548346	52.776336
809.729295	0.762844
809.910226	0.762844
810.091140	82.784120
810.272036	-23.243383
810.452915	24.769071
810.633775	2.763363
810.814619	-41.248054
810.995444	100.788791
811.176252	30.770628
811.357042	-17.241827
811.537815	20.768033
811.718569	34.771666
811.899307	28.770109
812.080026	82.784120
812.260728	-45.249092
812.441412	64.779450
812.622079	12.765957
812.802727	64.779450
812.983359	0.762844
813.163972	64.779450
813.344568	-29.244940
813.525146	28.770109
813.705706	26.769590
813.886249	22.768552
814.066774	90.786196
814.247281	4.763882
814.427771	4.763882
814.608243	-19.242346
814.788697	2.763363
814.969134	80.783601
815.149553	8.764920
815.329954	44.774261
815.510337	100.788791
815.690703	48.775298
815.871051	-41.248054
816.051382	50.775817
816.231694	-27.244421
816.411989	64.779450
816.592266	-5.238713
816.772526	54.776855
816.952768	-11.240270
817.132992	32.771147
817.313198	-17.241827
817.493387	88.785677
817.673558	86.785158
817.853711	32.771147
818.033846	-13.240789
818.213964	10.765439
818.394064	46.774779
818.574146	-13.240789
818.754211	82.784120
818.934258	96.787753
819.114287	-23.243383
819.294298	18.767514
819.474292	40.773223
819.654267	20.768033
819.834226	78.783083
820.014166	34.771666
820.194089	-79.257914
820.373993	10.765439
820.553881	36.772185
820.733750	22.768552
820.913602	88.785677
821.093435	158.803840
821.273252	44.774261
821.453050	16.766995
821.632830	18.767514
821.812593	26.769590
821.992338	38.772704
822.172066	24.769071
822.351775	18.767514
822.531467	-3.238194
822.711141	20.768033
822.890797	-13.240789
823.070436	94.787234
823.250056	4.763882
823.429659	20.768033
823.609244	72.781526
823.788812	40.773223
823.968361	70.781007
824.147893	8.764920
824.327407	80.783601
824.506903	10.765439
824.686381	10.765439
824.865842	22.768552
825.045285	-33.245978
825.224710	70.781007
825.404117	20.768033
825.583507	40.773223
825.762878	-13.240789
825.942232	10.765439
826.121568	14.766476
826.300886	-11.240270
826.480187	30.770628
826.659469	-31.245459
826.838734	44.774261
827.017981	62.778931
827.197210	76.782564
827.376422	18.767514
827.555615	10.765439
827.734791	32.771147
827.913949	22.768552
828.093089	60.778412
828.272211	28.770109
828.451315	40.773223
828.630402	22.768552
828.809471	34.771666
828.988522	-7.239232
829.167555	16.766995
829.346570	70.781007
829.525568	50.775817
829.704547	8.764920
829.883509	26.769590
830.062453	10.765439
830.241379	34.771666
830.420287	48.775298
830.599177	2.763363
830.778050	12.765957
830.956905	4.763882
831.135742	40.773223
831.314561	-5.238713
831.493362	56.777374
831.672145	112.791905
831.850910	24.769071
832.029658	66.779969
832.208388	24.769071
832.387099	2.763363
832.565793	110.791386
832.744469	-37.247016
832.923128	52.776336
833.101768	106.790348
833.280391	56.777374
833.458995	-1.237675
833.637582	44.774261
833.816151	-7.239232
833.994702	20.768033
834.173235	-57.252206
834.351750	46.774779
834.530247	60.778412
834.708727	-13.240789
834.887188	64.779450
835.065632	22.768552
835.244058	66.779969
835.422466	40.773223
835.600856	12.765957
835.779228	14.766476
835.957582	14.766476
836.135918	68.780488
836.314237	46.774779
836.492537	-7.239232
836.670820	6.764401
836.849084	-5.238713
837.027331	48.775298
837.205560	22.768552
837.383771	70.781007
837.561964	58.777893
837.740139	4.763882
837.918296	38.772704
838.096436	46.774779
838.274557	2.763363
838.452660	76.782564
838.630746	88.785677
838.808814	-29.244940
838.986863	22.768552
839.164895	164.805397
839.342909	84.784639
839.520905	70.781007
839.698883	-63.253762
839.876843	42.773742
840.054785	12.765957
840.232709	28.770109
840.410615	-13.240789
840.588503	14.766476
840.766374	40.773223
840.944226	44.774261
841.122060	60.778412
841.299877	24.769071
841.477675	38.772704
841.655456	46.774779
841.833218	28.770109
842.010963	88.785677
842.188690	2.763363
842.366399	22.768552
842.544089	42.773742
842.721762	-3.238194
842.899417	102.789310
843.077054	104.789829
843.254673	114.792423
843.432274	28.770109
843.609857	56.777374
843.787422	34.771666
843.964969	38.772704
844.142498	80.783601
844.320009	-3.238194
844.497502	14.766476
844.674977	0.762844
844.852434	-61.253243
845.029873	62.778931
845.207294	20.768033
845.384697	94.787234
845.562083	-9.239751
845.739450	-31.245459
845.916799	26.769590
846.094130	56.777374
846.271443	30.770628
846.448738	14.766476
846.626016	50.775817
846.803275	4.763882
846.980516	14.766476
847.157739	98.788272
847.334944	-25.243902
847.512131	36.772185
847.689301	-35.246497
847.866452	6.764401
848.043585	-3.238194
848.220700	-5.238713
848.397797	4.763882
848.574876	52.776336
848.751937	18.767514
848.928980	52.776336
849.106005	56.777374
849.283012	40.773223
849.460001	-19.242346
849.636972	136.798132
849.813925	8.764920
849.990859	34.771666
850.167776	10.765439
850.344675	8.764920
850.521556	14.766476
850.698418	30.770628
850.875263	-3.238194
851.052090	28.770109
851.228898	-25.243902
851.405689	-25.243902
851.582461	58.777893
851.759216	-11.240270
851.935952	-11.240270
852.112670	-5.238713
852.289370	46.774779
852.466053	12.765957
852.642717	-3.238194
852.819363	36.772185
852.995991	24.769071
853.172601	22.768552
853.349193	4.763882
853.525766	44.774261
853.702322	-43.248573
853.878860	26.769590
854.055379	22.768552
854.231881	60.778412
854.408364	-7.239232
854.584830	0.762844
854.761277	48.775298
854.937706	-9.239751
855.114117	116.792942
855.290510	54.776855
855.466885	82.784120
855.643242	62.778931
855.819581	30.770628
855.995901	12.765957
856.172204	14.766476
856.348488	76.782564
856.524755	74.782045
856.701003	6.764401
856.877233	56.777374
857.053445	62.778931
857.229639	-11.240270
857.405815	64.779450
857.581973	22.768552
857.758113	66.779969
857.934234	62.778931
858.110338	60.778412
858.286423	-9.239751
858.462490	10.765439
858.638539	56.777374
858.814570	58.777893
858.990583	40.773223
859.166578	2.763363
859.342554	72.781526
859.518513	38.772704
859.694453	-3.238194
859.870375	10.765439
860.046279	76.782564
860.222165	-33.245978
860.398033	-29.244940
860.573883	12.765957
860.749714	56.777374
860.925528	72.781526
861.101323	46.774779
861.277100	52.776336
861.452859	-19.242346
861.628600	66.779969
861.804322	10.765439
861.980027	78.783083
862.155713	24.769071
862.331381	152.802283
862.507031	-39.247535
862.682663	24.769071
862.858277	78.783083
863.033873	30.770628
863.209450	46.774779
863.385009	66.779969
863.560550	-5.238713
863.736073	-25.243902
863.911578	46.774779
864.087065	-1.237675
864.262533	20.768033
864.437983	20.768033
864.613415	50.775817
864.788829	62.778931
864.964225	30.770628
865.139602	0.762844
865.314962	24.769071
865.490303	48.775298
865.665626	58.777893
865.840930	62.778931
866.016217	-89.260509
866.191485	46.774779
866.366735	-5.238713
866.541967	44.774261
866.717181	10.765439
866.892377	106.790348
867.067554	26.769590
867.242713	56.777374
867.417854	48.775298
867.592977	-3.238194
867.768082	-31.245459
867.943168	64.779450
868.118236	14.766476
868.293286	70.781007
868.468318	24.769071
868.643331	86.785158
868.818327	-17.241827
868.993304	-25.243902
869.168263	-13.240789
869.343203	106.790348
869.518126	38.772704
869.693030	34.771666
869.867916	42.773742
870.042783	24.769071
870.217633	48.775298
870.392464	94.787234
870.567277	48.775298
870.742072	68.780488
870.916848	10.765439
871.091607	22.768552
871.266347	22.768552
871.441069	66.779969
871.615772	-3.238194
871.790458	-59.252724
871.965125	-17.241827
872.139773	-5.238713
872.314404	4.763882
872.489016	4.763882
872.663610	36.772185
872.838186	26.769590
873.012744	16.766995
873.187283	48.775298
873.361804	-11.240270
873.536307	-11.240270
873.710791	12.765957
873.885258	50.775817
874.059705	-17.241827
874.234135	-63.253762
874.408547	-3.238194
874.582940	-23.243383
874.757315	80.783601
874.931671	42.773742
875.106009	-17.241827
875.280329	-35.246497
875.454631	-1.237675
875.628915	-17.241827
875.803180	-7.239232
875.977427	42.773742
876.151655	28.770109
876.325866	78.783083
876.500058	2.763363
876.674231	66.779969
876.848387	32.771147
877.022524	64.779450
877.196643	-37.247016
877.370743	80.783601
877.544825	32.771147
877.718889	-13.240789
877.892935	-9.239751
878.066962	0.762844
878.240971	34.771666
878.414962	-21.242865
878.588934	-11.240270
878.762888	-45.249092
878.936824	58.777893
879.110741	40.773223
879.284640	24.769071
879.458521	20.768033
879.632384	8.764920
879.806228	96.787753
879.980053	-73.256357
880.153861	74.782045
880.327650	4.763882
880.501421	26.769590
880.675173	-61.253243
880.848907	54.776855
881.022623	60.778412
881.196320	44.774261
881.370000	28.770109
881.543660	92.786715
881.717303	-5.238713
881.890927	-19.242346
882.064532	4.763882
882.238120	-7.239232
882.411689	8.764920
882.585239	84.784639
882.758772	-3.238194
882.932286	0.762844
883.105781	6.764401
883.279259	114.792423
883.452717	-35.246497
883.626158	68.780488
883.799580	22.768552
883.972984	14.766476
884.146369	-7.239232
884.319736	24.769071
884.493085	-27.244421
884.666415	30.770628
884.839727	-37.247016
885.013020	34.771666
885.186296	-89.260509
885.359552	44.774261
885.532791	26.769590
885.706011	4.763882
885.879212	60.778412
886.052396	6.764401
886.225560	-23.243383
886.398707	60.778412
886.571835	48.775298
886.744945	44.774261
886.918036	14.766476
887.091109	-13.240789
887.264163	88.785677
887.437199	-1.237675
887.610217	80.783601
887.783216	62.778931
887.956197	8.764920
888.129159	42.773742
888.302103	22.768552
888.475029	114.792423
888.647936	38.772704
888.820825	-13.240789
888.993695	84.784639
889.166547	42.773742
889.339381	-11.240270
889.512196	-9.239751
889.684992	52.776336
889.857771	40.773223
890.030530	56.777374
890.203272	20.768033
890.375995	50.775817
890.548699	-39.247535
890.721385	-1.237675
890.894053	46.774779
891.066702	56.777374
891.239333	-11.240270
891.411945	-25.243902
891.584539	18.767514
891.757115	50.775817
891.929672	14.766476
892.102210	-83.258952
892.274730	14.766476
892.447232	48.775298
892.619715	104.789829
892.792180	-45.249092
892.964626	56.777374
893.137054	98.788272
893.309463	46.774779
893.481854	26.769590
893.654227	72.781526
893.826581	10.765439
893.998916	4.763882
894.171233	78.783083
894.343532	60.778412
894.515812	46.774779
894.688074	40.773223
894.860317	-19.242346
895.032541	14.766476
895.204748	-19.242346
895.376935	38.772704
895.549105	-29.244940
895.721255	100.788791
895.893388	-45.249092
896.065501	80.783601
896.237597	42.773742
896.409673	112.791905
896.581732	80.783601
896.753771	20.768033
896.925793	38.772704
897.097796	72.781526
897.269780	-73.256357
897.441746	86.785158
897.613693	64.779450
897.785622	34.771666
897.957532	2.763363
898.129424	34.771666
898.301297	22.768552
898.473152	18.767514
898.644988	4.763882
898.816806	60.778412
898.988605	16.766995
899.160386	30.770628
899.332148	-55.251687
899.503892	36.772185
899.675617	24.769071
899.847323	46.774779
900.019011	82.784120
900.190681	-9.239751
900.362332	68.780488
900.533964	-21.242865
900.705578	26.769590
900.877174	-51.250649
901.048751	-49.250130
901.220309	60.778412
901.391849	12.765957
901.563370	0.762844
901.734873	88.785677
901.906357	14.766476
902.077823	16.766995
902.249270	52.776336
902.420698	50.775817
902.592108	-25.243902
902.763499	-25.243902
902.934872	-17.241827
903.106227	16.766995
903.277562	24.769071
903.448879	-5.238713
903.620178	18.767514
903.791458	66.779969
903.962720	-21.242865
904.133962	-1.237675
904.305187	-19.242346
904.476393	72.781526
904.647580	92.786715
904.818748	104.789829
904.989898	-29.244940
905.161030	20.768033
905.332143	66.779969
905.503237	64.779450
905.674313	22.768552
905.845370	36.772185
906.016408	112.791905
906.187428	-15.241308
906.358430	34.771666
906.529412	14.766476
906.700377	-7.239232
906.871322	58.777893
907.042249	-13.240789
907.213158	32.771147
907.384047	-17.241827
907.554918	30.770628
907.725771	60.778412
907.896605	40.773223
908.067420	42.773742
908.238217	22.768552
908.408995	62.778931
908.579755	64.779450
908.750496	14.766476
908.921218	44.774261
909.091922	62.778931
909.262607	-9.239751
909.433273	54.776855
909.603921	34.771666
909.774550	52.776336
909.945161	18.767514
910.115752	-53.251168
910.286326	2.763363
910.456880	52.776336
910.627416	20.768033
910.797934	-7.239232
910.968433	4.763882
911.138913	-15.241308
911.309374	8.764920
911.479817	40.773223
911.650241	26.769590
911.820647	32.771147
911.991033	-1.237675
912.161402	82.784120
912.331751	86.785158
912.502082	52.776336
912.672395	38.772704
912.842688	-21.242865
913.012963	28.770109
913.183219	46.774779
913.353457	-23.243383
913.523676	30.770628
913.693876	80.783601
913.864058	44.774261
914.034221	26.769590
914.204365	34.771666
914.374491	18.767514
914.544598	38.772704
914.714686	-11.240270
914.884756	-31.245459
915.054807	-3.238194
915.224839	0.762844
915.394853	14.766476
915.564847	100.788791
915.734824	2.763363
915.904781	36.772185
916.074720	66.779969
916.244640	6.764401
916.414542	32.771147
916.584424	16.766995
916.754288	84.784639
916.924134	44.774261
917.093960	30.770628
917.263768	-41.248054
917.433558	34.771666
917.603328	24.769071
917.773080	88.785677
917.942813	46.774779
918.112527	122.794499
918.282223	48.775298
918.451900	58.777893
918.621558	22.768552
918.791198	14.766476
918.960819	24.769071
919.130421	-13.240789
919.300004	68.780488
919.469569	-33.245978
919.639115	-17.241827
919.808642	-37.247016
919.978151	8.764920
920.147641	48.775298
920.317112	-49.250130
920.486564	-17.241827
920.655997	32.771147
920.825412	18.767514
920.994808	-33.245978
921.164186	18.767514
921.333544	98.788272
921.502884	42.773742
921.672205	16.766995
921.841508	38.772704
922.010791	76.782564
922.180056	-95.262065
922.349302	144.800208
922.518530	58.777893
922.687738	6.764401
922.856928	8.764920
923.026099	54.776855
923.195252	82.784120
923.364385	96.787753
923.533500	2.763363
923.702596	50.775817
923.871673	2.763363
924.040732	56.777374
924.209771	50.775817
924.378792	92.786715
924.547795	-7.239232
924.716778	84.784639
924.885743	14.766476
925.054688	60.778412
925.223615	32.771147
925.392524	38.772704
925.561413	40.773223
925.730284	18.767514
925.899136	-3.238194
926.067969	10.765439
926.236783	18.767514
926.405579	-13.240789
926.574356	52.776336
926.743114	80.783601
926.911853	16.766995
927.080573	20.768033
927.249275	-39.247535
927.417957	100.788791
927.586621	6.764401
927.755266	-57.252206
927.923893	44.774261
928.092500	2.763363
928.261089	12.765957
928.429659	82.784120
928.598210	-9.239751
928.766742	80.783601
928.935256	64.779450
929.103750	28.770109
929.272226	-15.241308
929.440683	30.770628
929.609121	62.778931
929.777540	38.772704
929.945941	28.770109
930.114322	58.777893
930.282685	-21.242865
930.451029	-41.248054
930.619354	62.778931
930.787661	20.768033
930.955948	20.768033
931.124217	0.762844
931.292466	30.770628
931.460697	-5.238713
931.628909	60.778412
931.797103	24.769071
931.965277	14.766476
932.133433	50.775817
932.301569	40.773223
932.469687	72.781526
932.637786	62.778931
932.805866	70.781007
932.973927	76.782564
933.141970	34.771666
933.309993	6.764401
933.477998	114.792423
933.645984	-9.239751
933.813951	-7.239232
933.981899	40.773223
934.149828	78.783083
934.317738	-7.239232
934.485629	82.784120
934.653502	-25.243902
934.821356	50.775817
934.989190	78.783083
935.157006	50.775817
935.324803	40.773223
935.492581	58.777893
935.660341	48.775298
935.828081	-37.247016
935.995802	-27.244421
936.163505	26.769590
936.331189	0.762844
936.498853	-29.244940
936.666499	48.775298
936.834126	24.769071
937.001734	-35.246497
937.169323	34.771666
937.336894	32.771147
937.504445	66.779969
937.671977	-25.243902
937.839491	52.776336
938.006985	-19.242346
938.174461	70.781007
938.341918	36.772185
938.509356	14.766476
938.676775	-7.239232
938.844175	32.771147
939.011556	38.772704
939.178918	-23.243383
939.346261	30.770628
939.513586	30.770628
939.680891	58.777893
939.848177	-9.239751
940.015445	-1.237675
940.182693	-13.240789
940.349923	6.764401
940.517134	-11.240270
940.684326	42.773742
940.851498	-9.239751
941.018652	-11.240270
941.185787	26.769590
941.352903	0.762844
941.520000	16.766995
941.687078	42.773742
941.854137	36.772185
942.021178	-19.242346
942.188199	-17.241827
942.355201	2.763363
942.522184	-7.239232
942.689149	-3.238194
942.856094	20.768033
943.023021	10.765439
943.189928	44.774261
943.356817	46.774779
943.523686	-27.244421
943.690537	-11.240270
943.857368	44.774261
944.024181	12.765957
944.190974	46.774779
944.357749	28.770109
944.524505	36.772185
944.691241	-43.248573
944.857959	68.780488
945.024658	18.767514
945.191338	136.798132
945.357998	-27.244421
945.524640	128.796056
945.691263	-15.241308
945.857867	96.787753
946.024451	-5.238713
946.191017	-39.247535
946.357564	46.774779
946.524092	42.773742
946.690601	62.778931
946.857090	76.782564
947.023561	70.781007
947.190013	106.790348
947.356446	116.792942
947.522859	54.776855
947.689254	-35.246497
947.855630	86.785158
948.021986	4.763882
948.188324	-11.240270
948.354643	22.768552
948.520942	-19.242346
948.687223	50.775817
948.853485	-111.266217
949.019727	92.786715
949.185951	46.774779
949.352155	68.780488
949.518341	8.764920
949.684507	54.776855
949.850655	52.776336
950.016783	26.769590
950.182892	12.765957
950.348983	50.775817
950.515054	94.787234
950.681106	40.773223
950.847139	-31.245459
951.013153	20.768033
951.179148	44.774261
951.345124	-21.242865
951.511081	-41.248054
951.677019	6.764401
951.842938	12.765957
952.008838	36.772185
952.174719	-43.248573
952.340580	50.775817
952.506423	66.779969
952.672247	-35.246497
952.838051	56.777374
953.003837	40.773223
953.169603	64.779450
953.335350	-11.240270
953.501078	36.772185
953.666788	54.776855
953.832478	78.783083
953.998149	-21.242865
954.163800	8.764920
954.329433	8.764920
954.495047	-1.237675
954.660642	-49.250130
954.826217	8.764920
954.991774	38.772704
955.157311	94.787234
955.322829	-33.245978
955.488329	18.767514
955.653809	38.772704
955.819270	46.774779
955.984712	42.773742
956.150134	2.763363
956.315538	-3.238194
956.480923	30.770628
956.646288	46.774779
956.811635	-39.247535
956.976962	16.766995
957.142270	88.785677
957.307559	10.765439
957.472829	30.770628
957.638080	10.765439
957.803312	-5.238713
957.968524	66.779969
958.133718	32.771147
958.298892	98.788272
958.464047	-3.238194
958.629184	36.772185
958.794301	108.790867
958.959398	34.771666
959.124477	72.781526
959.289537	4.763882
959.454577	-11.240270
959.619598	52.776336
959.784601	104.789829
959.949584	22.768552
960.114548	64.779450
960.279492	-15.241308
960.444418	56.777374
960.609324	18.767514
960.774212	122.794499
960.939080	38.772704
961.103929	90.786196
961.268759	46.774779
961.433569	140.799170
961.598361	-47.249611
961.763133	102.789310
961.927887	100.788791
962.092621	74.782045
962.257336	120.793980
962.422031	2.763363
962.586708	34.771666
962.751365	40.773223
962.916004	52.776336
963.080623	90.786196
963.245222	24.769071
963.409803	72.781526
963.574365	54.776855
963.738907	56.777374
963.903430	68.780488
964.067934	18.767514
964.232419	-9.239751
964.396885	86.785158
964.561331	34.771666
964.725758	108.790867
964.890166	24.769071
965.054555	22.768552
965.218925	62.778931
965.383275	28.770109
965.547607	36.772185
965.711919	86.785158
965.876212	74.782045
966.040485	18.767514
966.204740	-3.238194
966.368975	12.765957
966.533191	34.771666
966.697388	28.770109
966.861565	44.774261
967.025724	24.769071
967.189863	-15.241308
967.353983	12.765957
967.518084	32.771147
967.682165	40.773223
967.846228	18.767514
968.010271	54.776855
968.174294	-27.244421
968.338299	-9.239751
968.502285	66.779969
968.666251	48.775298
968.830198	30.770628
968.994125	8.764920
969.158034	46.774779
969.321923	12.765957
969.485793	-13.240789
969.649644	50.775817
969.813475	30.770628
969.977288	-13.240789
970.141081	108.790867
970.304854	68.780488
970.468609	28.770109
970.632344	22.768552
970.796060	0.762844
970.959757	108.790867
971.123434	-11.240270
971.287093	36.772185
971.450732	58.777893
971.614351	90.786196
971.777952	-23.243383
971.941533	0.762844
972.105095	40.773223
972.268638	56.777374
972.432161	68.780488
972.595665	30.770628
972.759150	74.782045
972.922616	62.778931
973.086062	-9.239751
973.249489	24.769071
973.412897	22.768552
973.576285	-3.238194
973.739654	-13.240789
973.903004	78.783083
974.066335	2.763363
974.229646	46.774779
974.392938	48.775298
974.556211	100.788791
974.719464	62.778931
974.882698	48.775298
975.045913	42.773742
975.209109	-21.242865
975.372285	72.781526
975.535442	-1.237675
975.698579	-9.239751
975.861698	28.770109
976.024797	16.766995
976.187876	2.763363
976.350937	14.766476
976.513978	14.766476
976.677000	-27.244421
976.840002	70.781007
977.002985	12.765957
977.165949	30.770628
977.328894	30.770628
977.491819	12.765957
977.654725	26.769590
977.817611	-31.245459
977.980478	42.773742
978.143326	106.790348
978.306155	100.788791
978.468964	-11.240270
978.631754	42.773742
978.794524	32.771147
978.957275	60.778412
979.120007	48.775298
979.282720	40.773223
979.445413	16.766995
979.608086	26.769590
979.770741	48.775298
979.933376	78.783083
980.095992	18.767514
980.258588	26.769590
980.421165	28.770109
980.583723	-1.237675
980.746261	30.770628
980.908780	4.763882
981.071280	36.772185
981.233760	32.771147
981.396221	74.782045
981.558662	58.777893
981.721084	68.780488
981.883487	56.777374
982.045871	34.771666
982.208235	36.772185
982.370579	32.771147
982.532905	100.788791
982.695210	14.766476
982.857497	20.768033
983.019764	72.781526
983.182012	54.776855
983.344240	52.776336
983.506449	-29.244940
983.668639	-11.240270
983.830809	46.774779
983.992960	62.778931
984.155091	-23.243383
984.317203	64.779450
984.479296	44.774261
984.641369	30.770628
984.803423	82.784120
984.965457	42.773742
985.127472	42.773742
985.289468	80.783601
985.451444	110.791386
985.613401	28.770109
985.775338	-19.242346
985.937256	68.780488
986.099155	82.784120
986.261034	-1.237675
986.422893	80.783601
986.584734	104.789829
986.746555	-19.242346
986.908356	68.780488
987.070138	-1.237675
987.231901	22.768552
987.393644	70.781007
987.555367	-47.249611
987.717072	-23.243383
987.878757	2.763363
988.040422	-1.237675
988.202068	66.779969
988.363695	-17.241827
988.525302	-45.249092
988.686889	16.766995
988.848458	38.772704
989.010006	80.783601
989.171536	26.769590
989.333046	24.769071
989.494536	-9.239751
989.656007	18.767514
989.817458	30.770628
989.978891	48.775298
990.140303	30.770628
990.301696	-33.245978
990.463070	8.764920
990.624424	2.763363
990.785759	22.768552
990.947074	54.776855
991.108370	74.782045
991.269646	98.788272
991.430903	0.762844
991.592141	10.765439
991.753359	6.764401
991.914557	56.777374
992.075736	48.775298
992.236896	62.778931
992.398036	20.768033
992.559156	-17.241827
992.720257	-9.239751
992.881339	66.779969
993.042401	18.767514
993.203443	28.770109
993.364466	26.769590
993.525470	-21.242865
993.686454	8.764920
993.847419	20.768033
994.008364	36.772185
994.169289	0.762844
994.330196	68.780488
994.491082	-13.240789
994.651949	84.784639
994.812797	-15.241308
994.973625	50.775817
995.134433	12.765957
995.295223	64.779450
995.455992	-35.246497
995.616742	46.774779
995.777473	-35.246497
995.938184	64.779450
996.098875	-5.238713
996.259547	60.778412
996.420199	34.771666
996.580832	24.769071
996.741446	-1.237675
996.902039	60.778412
997.062614	36.772185
997.223168	40.773223
997.383704	42.773742
997.544219	-37.247016
997.704716	-11.240270
997.865192	12.765957
998.025649	42.773742
998.186087	32.771147
998.346505	-23.243383
998.506903	84.784639
998.667282	36.772185
998.827641	36.772185
998.987981	42.773742
999.148301	14.766476
999.308602	0.762844
999.468883	88.785677
999.629145	-39.247535
999.789387	4.763882
999.949609	62.778931
1000.109812	62.778931
1000.269995	54.776855
1000.430159	42.773742
1000.590303	-7.239232
1000.750428	66.779969
1000.910533	-45.249092
1001.070618	18.767514
1001.230684	112.791905
1001.390730	58.777893
1001.550757	28.770109
1001.710764	24.769071
1001.870752	16.766995
1002.030720	114.792423
1002.190668	80.783601
1002.350597	64.779450
1002.510506	-29.244940
1002.670395	46.774779
1002.830265	-7.239232
1002.990116	22.768552
1003.149947	50.775817
1003.309758	40.773223
1003.469550	42.773742
1003.629322	18.767514
1003.789074	78.783083
1003.948807	-63.253762
1004.108520	10.765439
1004.268213	40.773223
1004.427887	84.784639
1004.587542	78.783083
1004.747177	6.764401
1004.906792	12.765957
1005.066387	74.782045
1005.225963	44.774261
1005.385519	14.766476
1005.545056	18.767514
1005.704573	12.765957
1005.864070	28.770109
1006.023548	44.774261
1006.183006	-5.238713
1006.342445	12.765957
1006.501864	24.769071
1006.661263	-15.241308
1006.820642	-19.242346
1006.980002	24.769071
1007.139343	60.778412
1007.298663	-13.240789
1007.457964	-1.237675
1007.617246	36.772185
1007.776508	90.786196
1007.935750	80.783601
1008.094972	16.766995
1008.254175	42.773742
1008.413358	36.772185
1008.572522	16.766995
1008.731665	54.776855
1008.890790	14.766476
1009.049894	12.765957
1009.208979	4.763882
1009.368044	62.778931
1009.527090	58.777893
1009.686115	18.767514
1009.845122	-43.248573
1010.004108	0.762844
1010.163075	38.772704
1010.322022	-27.244421
1010.480950	52.776336
1010.639857	56.777374
1010.798745	-21.242865
1010.957614	-45.249092
1011.116463	20.768033
1011.275292	100.788791
1011.434101	34.771666
1011.592891	56.777374
1011.751661	20.768033
1011.910411	8.764920
1012.069142	-3.238194
1012.227853	24.769071
1012.386544	30.770628
1012.545215	80.783601
1012.703867	-57.252206
1012.862499	4.763882
1013.021112	34.771666
1013.179705	-45.249092
1013.338278	-1.237675
1013.496831	22.768552
1013.655364	24.769071
1013.813878	4.763882
1013.972372	8.764920
1014.130847	50.775817
1014.289302	42.773742
1014.447737	10.765439
1014.606152	40.773223
1014.764547	10.765439
1014.922923	20.768033
1015.081279	56.777374
1015.239616	-19.242346
1015.397932	14.766476
1015.556229	-31.245459
1015.714507	24.769071
1015.872764	10.765439
1016.031002	40.773223
1016.189220	82.784120
1016.347418	62.778931
1016.505597	30.770628
1016.663755	-39.247535
1016.821894	46.774779
1016.980014	-23.243383
1017.138113	-9.239751
1017.296193	62.778931
1017.454253	2.763363
1017.612293	54.776855
1017.770314	58.777893
1017.928314	6.764401
1018.086295	78.783083
1018.244257	140.799170
1018.402198	-5.238713
1018.560120	28.770109
1018.718022	50.775817
1018.875904	6.764401
1019.033766	52.776336
1019.191609	40.773223
1019.349432	16.766995
1019.507235	20.768033
1019.665018	-9.239751
1019.822782	40.773223
1019.980525	58.777893
1020.138249	70.781007
1020.295954	20.768033
1020.453638	82.784120
1020.611303	2.763363
1020.768947	68.780488
1020.926573	54.776855
1021.084178	-3.238194
1021.241763	16.766995
1021.399329	64.779450
1021.556875	44.774261
1021.714401	26.769590
1021.871907	16.766995
1022.029394	38.772704
1022.186860	-21.242865
1022.344307	16.766995
1022.501734	-3.238194
1022.659141	70.781007
1022.816529	-13.240789
1022.973896	76.782564
1023.131244	-13.240789
1023.288572	-19.242346
1023.445880	42.773742
1023.603169	20.768033
1023.760437	24.769071
1023.917686	60.778412
1024.074915	-31.245459
1024.232124	-27.244421
1024.389313	-55.251687
1024.546482	42.773742
1024.703632	0.762844
1024.860762	90.786196
1025.017872	12.765957
1025.174962	-17.241827
1025.332032	44.774261
1025.489082	78.783083
1025.646113	76.782564
1025.803124	60.778412
1025.960114	22.768552
1026.117085	104.789829
1026.274037	-121.268812
1026.430968	76.782564
1026.587879	40.773223
1026.744771	34.771666
1026.901643	-29.244940
1027.058495	-21.242865
1027.215327	80.783601
1027.372139	18.767514
1027.528931	64.779450
1027.685704	-63.253762
1027.842456	0.762844
1027.999189	62.778931
1028.155902	32.771147
1028.312595	22.768552
1028.469268	-37.247016
1028.625921	90.786196
1028.782554	10.765439
1028.939168	30.770628
1029.095761	70.781007
1029.252335	44.774261
1029.408889	4.763882
1029.565423	56.777374
1029.721937	22.768552
1029.878431	-33.245978
1030.034905	60.778412
1030.191360	48.775298
1030.347794	-69.255319
1030.504209	14.766476
1030.660604	14.766476
1030.816978	-19.242346
1030.973333	-1.237675
1031.129668	12.765957
1031.285984	38.772704
1031.442279	-13.240789
1031.598554	4.763882
1031.754809	18.767514
1031.911045	32.771147
1032.067260	86.785158
1032.223456	48.775298
1032.379632	40.773223
1032.535788	-31.245459
1032.691924	58.777893
1032.848040	58.777893
