344.945680	70.781007
345.162997	70.781007
345.380301	70.781007
345.597591	26.769590
345.814867	36.772185
346.032129	280.835496
346.249378	308.842761
346.466613	374.859886
346.683835	348.853140
346.901043	440.877011
347.118237	326.847431
347.335418	200.814738
347.552585	386.862999
347.769738	608.920602
347.986878	334.849507
348.204003	394.865075
348.421116	382.861962
348.638214	288.837571
348.855299	206.816295
349.072370	398.866113
349.289428	360.856253
349.506472	346.852621
349.723502	326.847431
349.940518	374.859886
350.157521	326.847431
350.374510	442.877530
350.591485	412.869746
350.808447	330.848469
351.025395	346.852621
351.242329	278.834977
351.459250	296.839647
351.676157	248.827193
351.893050	324.846912
352.109930	624.924754
352.326795	334.849507
352.543647	402.867151
352.760486	386.862999
352.977310	348.853140
353.194121	242.825636
353.410919	178.809030
353.627702	344.852102
353.844472	396.865594
354.061228	388.863518
354.277970	304.841723
354.494699	380.861443
354.711414	330.848469
354.928115	408.868708
355.144802	392.864556
355.361476	390.864037
355.578136	520.897769
355.794782	372.859367
356.011415	254.828749
356.228034	390.864037
356.444639	342.851583
356.661230	406.868189
356.877808	228.822003
357.094371	362.856772
357.310921	378.860924
357.527458	390.864037
357.743980	262.830825
357.960489	348.853140
358.176984	284.836533
358.393465	464.883238
358.609933	322.846393
358.826387	338.850545
359.042827	316.844837
359.259253	276.834458
359.475666	282.836015
359.692064	372.859367
359.908449	360.856253
360.124821	320.845874
360.341178	348.853140
360.557522	280.835496
360.773852	420.871821
360.990168	274.833939
361.206470	406.868189
361.422759	420.871821
361.639033	278.834977
361.855294	296.839647
362.071542	368.858329
362.287775	894.994811
362.503995	352.854177
362.720201	402.867151
362.936393	166.805916
363.152571	258.829787
363.368735	298.840166
363.584886	242.825636
363.801023	456.881162
364.017146	410.869227
364.233255	324.846912
364.449351	316.844837
364.665433	360.856253
364.881500	310.843280
365.097554	468.884276
365.313595	468.884276
365.529621	256.829268
365.745634	338.850545
365.961633	314.844318
366.177618	284.836533
366.393589	232.823041
366.609546	426.873378
366.825490	240.825117
367.041419	316.844837
367.257335	340.851064
367.473237	358.855734
367.689126	500.892579
367.905000	318.845355
368.120861	444.878049
368.336707	312.843799
368.552540	390.864037
368.768359	396.865594
368.984165	282.836015
369.199956	336.850026
369.415734	182.810067
369.631497	358.855734
369.847247	380.861443
370.062983	312.843799
370.278705	346.852621
370.494414	346.852621
370.710108	266.831863
370.925789	480.887390
371.141456	278.834977
371.357108	380.861443
371.572747	272.833420
371.788373	336.850026
372.003984	578.912818
372.219581	314.844318
372.435165	396.865594
372.650735	366.857810
372.866291	270.832901
373.081833	288.837571
373.297361	372.859367
373.512875	348.853140
373.728375	350.853659
373.943862	394.865075
374.159334	374.859886
374.374793	192.812662
374.590238	248.827193
374.805669	314.844318
375.021086	376.860405
375.236489	290.838090
375.451878	222.820446
375.667254	350.853659
375.882615	440.877011
376.097963	386.862999
376.313296	396.865594
376.528616	314.844318
376.743922	330.848469
376.959214	422.872340
377.174492	256.829268
377.389756	304.841723
377.605007	368.858329
377.820243	344.852102
378.035466	286.837052
378.250674	334.849507
378.465869	354.854696
378.681050	338.850545
378.896216	318.845355
379.111369	410.869227
379.326508	406.868189
379.541633	424.872859
379.756744	468.884276
379.971841	278.834977
380.186925	280.835496
380.401994	290.838090
380.617049	406.868189
380.832091	392.864556
381.047118	278.834977
381.262132	398.866113
381.477132	332.848988
381.692117	342.851583
381.907089	318.845355
382.122047	350.853659
382.336991	274.833939
382.551921	356.855215
382.766837	426.873378
382.981739	306.842242
383.196627	446.878568
383.411501	432.874935
383.626361	356.855215
383.841207	340.851064
384.056040	360.856253
384.270858	274.833939
384.485662	418.871303
384.700453	284.836533
384.915229	276.834458
385.129992	330.848469
385.344740	260.830306
385.559475	468.884276
385.774195	296.839647
385.988902	340.851064
386.203594	336.850026
386.418273	436.875973
386.632937	428.873897
386.847588	254.828749
387.062225	424.872859
387.276847	326.847431
387.491456	424.872859
387.706051	228.822003
387.920631	342.851583
388.135198	294.839128
388.349751	266.831863
388.564290	398.866113
388.778814	372.859367
388.993325	338.850545
389.207822	322.846393
389.422305	272.833420
389.636773	394.865075
389.851228	220.819927
390.065669	228.822003
390.280095	332.848988
390.494508	270.832901
390.708907	324.846912
390.923291	368.858329
391.137662	312.843799
391.352019	436.875973
391.566361	290.838090
391.780690	408.868708
391.995004	246.826674
392.209305	434.875454
392.423592	480.887390
392.637864	324.846912
392.852122	314.844318
393.066367	394.865075
393.280597	284.836533
393.494814	350.853659
393.709016	396.865594
393.923204	264.831344
394.137379	304.841723
394.351539	268.832382
394.565685	418.871303
394.779817	248.827193
394.993935	338.850545
395.208039	302.841204
395.422129	276.834458
395.636205	376.860405
395.850267	322.846393
396.064315	308.842761
396.278348	318.845355
396.492368	372.859367
396.706374	206.816295
396.920365	388.863518
397.134343	332.848988
397.348306	358.855734
397.562256	364.857291
397.776191	310.843280
397.990112	300.840685
398.204019	480.887390
398.417912	458.881681
398.631791	400.866632
398.845656	394.865075
399.059507	292.838609
399.273344	294.839128
399.487167	324.846912
399.700975	314.844318
399.914770	312.843799
400.128550	256.829268
400.342317	334.849507
400.556069	408.868708
400.769807	324.846912
400.983531	234.823560
401.197241	402.867151
401.410937	414.870265
401.624619	462.882719
401.838286	276.834458
402.051940	476.886352
402.265579	356.855215
402.479205	206.816295
402.692816	326.847431
402.906413	296.839647
403.119996	344.852102
403.333565	432.874935
403.547120	486.888947
403.760660	330.848469
403.974187	482.887909
404.187699	434.875454
404.401198	482.887909
404.614682	354.854696
404.828152	352.854177
405.041608	432.874935
405.255050	524.898806
405.468477	368.858329
405.681891	280.835496
405.895290	358.855734
406.108676	206.816295
406.322047	248.827193
406.535404	194.813181
406.748747	462.882719
406.962075	270.832901
407.175390	230.822522
407.388690	390.864037
407.601976	392.864556
407.815249	226.821484
408.028507	314.844318
408.241750	378.860924
408.454980	406.868189
408.668196	302.841204
408.881397	344.852102
409.094584	292.838609
409.307757	324.846912
409.520916	518.897250
409.734061	334.849507
409.947191	258.829787
410.160307	324.846912
410.373410	244.826155
410.586498	334.849507
410.799572	306.842242
411.012631	364.857291
411.225677	376.860405
411.438708	364.857291
411.651725	314.844318
411.864728	304.841723
412.077717	412.869746
412.290691	322.846393
412.503652	312.843799
412.716598	424.872859
412.929530	398.866113
413.142448	288.837571
413.355351	400.866632
413.568241	318.845355
413.781116	374.859886
413.993977	382.861962
414.206824	210.817333
414.419656	478.886871
414.632475	426.873378
414.845279	406.868189
415.058069	366.857810
415.270845	240.825117
415.483606	362.856772
415.696354	388.863518
415.909087	338.850545
416.121806	330.848469
416.334511	186.811105
416.547201	388.863518
416.759877	244.826155
416.972539	300.840685
417.185187	556.907109
417.397821	408.868708
417.610440	272.833420
417.823045	348.853140
418.035636	340.851064
418.248213	252.828230
418.460775	434.875454
418.673323	266.831863
418.885857	280.835496
419.098377	284.836533
419.310883	264.831344
419.523374	272.833420
419.735851	372.859367
419.948313	254.828749
420.160762	368.858329
420.373196	302.841204
420.585616	310.843280
420.798022	492.890503
421.010413	402.867151
421.222791	386.862999
421.435153	346.852621
421.647502	306.842242
421.859837	404.867670
422.072157	792.968345
422.284463	440.877011
422.496754	388.863518
422.709032	280.835496
422.921295	464.883238
423.133543	426.873378
423.345778	458.881681
423.557998	360.856253
423.770204	450.879606
423.982396	470.884795
424.194573	436.875973
424.406736	428.873897
424.618885	394.865075
424.831020	460.882200
425.043140	398.866113
425.255246	340.851064
425.467338	448.879087
425.679415	464.883238
425.891478	440.877011
426.103527	250.827711
426.315561	364.857291
426.527582	490.889984
426.739588	310.843280
426.951579	398.866113
427.163556	412.869746
427.375519	260.830306
427.587468	436.875973
427.799402	394.865075
428.011322	350.853659
428.223228	300.840685
428.435119	380.861443
428.646997	312.843799
428.858859	368.858329
429.070708	426.873378
429.282542	392.864556
429.494362	348.853140
429.706167	470.884795
429.917958	498.892060
430.129735	400.866632
430.341497	362.856772
430.553246	472.885314
430.764979	342.851583
430.976699	440.877011
431.188404	478.886871
431.400095	456.881162
431.611771	494.891022
431.823433	466.883757
432.035081	614.922159
432.246714	414.870265
432.458334	298.840166
432.669938	342.851583
432.881529	612.921640
433.093105	474.885833
433.304666	466.883757
433.516213	344.852102
433.727746	402.867151
433.939265	468.884276
434.150769	616.922678
434.362259	688.941360
434.573734	830.978204
434.785196	1153.061754
434.996642	1497.151012
435.208075	1783.225221
435.419493	1987.278153
435.630896	1855.243902
435.842285	1851.242865
436.053660	1467.143228
436.265021	1131.056046
436.476367	961.011936
436.687699	850.983394
436.899016	756.959004
437.110319	564.909185
437.321607	508.894655
437.532881	510.895174
437.744141	460.882200
437.955387	376.860405
438.166618	336.850026
438.377834	404.867670
438.589036	402.867151
438.800224	444.878049
439.011397	406.868189
439.222556	406.868189
439.433701	372.859367
439.644831	380.861443
439.855947	396.865594
440.067048	494.891022
440.278135	378.860924
440.489208	320.845874
440.700266	468.884276
440.911309	384.862481
441.122339	494.891022
441.333353	396.865594
441.544354	386.862999
441.755340	544.903996
441.966311	394.865075
442.177268	454.880643
442.388211	564.909185
442.599139	448.879087
442.810053	482.887909
443.020953	404.867670
443.231837	366.857810
443.442708	480.887390
443.653564	374.859886
443.864406	456.881162
444.075233	556.907109
444.286046	454.880643
444.496844	478.886871
444.707628	422.872340
444.918397	402.867151
445.129152	488.889465
445.339893	358.855734
445.550619	494.891022
445.761330	258.829787
445.972027	332.848988
446.182710	406.868189
446.393378	378.860924
446.604032	450.879606
446.814671	400.866632
447.025296	376.860405
447.235906	318.845355
447.446502	424.872859
447.657083	444.878049
447.867650	530.900363
448.078203	462.882719
448.288741	518.897250
448.499264	378.860924
448.709773	328.847950
448.920268	468.884276
449.130748	370.858848
449.341213	566.909704
449.551664	456.881162
449.762101	362.856772
449.972523	428.873897
450.182930	416.870784
450.393323	302.841204
450.603702	366.857810
450.814066	212.817852
451.024415	388.863518
451.234751	386.862999
451.445071	442.877530
451.655377	470.884795
451.865669	408.868708
452.075946	412.869746
452.286208	360.856253
452.496456	464.883238
452.706690	426.873378
452.916909	382.861962
453.127113	364.857291
453.337303	506.894136
453.547479	310.843280
453.757639	284.836533
453.967786	386.862999
454.177918	456.881162
454.388035	444.878049
454.598138	446.878568
454.808226	476.886352
455.018300	456.881162
455.228359	390.864037
455.438404	400.866632
455.648434	350.853659
455.858449	448.879087
456.068450	354.854696
456.278437	374.859886
456.488409	470.884795
456.698366	426.873378
456.908309	458.881681
457.118237	300.840685
457.328151	314.844318
457.538050	402.867151
457.747935	264.831344
457.957805	596.917488
458.167660	348.853140
458.377501	372.859367
458.587328	420.871821
458.797140	466.883757
459.006937	332.848988
459.216719	280.835496
459.426488	408.868708
459.636241	360.856253
459.845980	340.851064
460.055704	608.920602
460.265414	330.848469
460.475110	442.877530
460.684790	406.868189
460.894456	372.859367
461.104108	498.892060
461.313745	276.834458
461.523367	424.872859
461.732975	334.849507
461.942568	524.898806
462.152147	540.902958
462.361710	456.881162
462.571260	522.898287
462.780795	546.904515
462.990315	360.856253
463.199820	348.853140
463.409311	474.885833
463.618788	380.861443
463.828249	464.883238
464.037697	430.874416
464.247129	456.881162
464.456547	360.856253
464.665950	380.861443
464.875339	326.847431
465.084713	378.860924
465.294073	394.865075
465.503418	506.894136
465.712748	460.882200
465.922063	470.884795
466.131364	376.860405
466.340651	416.870784
466.549922	332.848988
466.759180	592.916450
466.968422	506.894136
467.177650	258.829787
467.386863	322.846393
467.596062	292.838609
467.805246	434.875454
468.014415	268.832382
468.223569	328.847950
468.432709	424.872859
468.641835	440.877011
468.850945	480.887390
469.060042	364.857291
469.269123	382.861962
469.478190	434.875454
469.687242	446.878568
469.896279	450.879606
470.105302	296.839647
470.314310	442.877530
470.523304	352.854177
470.732282	446.878568
470.941247	400.866632
471.150196	414.870265
471.359131	348.853140
471.568051	374.859886
471.776956	314.844318
471.985847	398.866113
472.194723	394.865075
472.403585	324.846912
472.612432	522.898287
472.821264	416.870784
473.030081	358.855734
473.238884	440.877011
473.447672	436.875973
473.656445	376.860405
473.865204	346.852621
474.073948	422.872340
474.282677	310.843280
474.491392	272.833420
474.700092	350.853659
474.908777	368.858329
475.117447	310.843280
475.326103	410.869227
475.534744	582.913856
475.743371	354.854696
475.951982	326.847431
476.160579	322.846393
476.369161	352.854177
476.577729	422.872340
476.786282	368.858329
476.994820	274.833939
477.203343	416.870784
477.411852	342.851583
477.620346	406.868189
477.828825	486.888947
478.037290	432.874935
478.245740	426.873378
478.454175	326.847431
478.662595	430.874416
478.871001	242.825636
479.079392	382.861962
479.287768	420.871821
479.496129	298.840166
479.704476	314.844318
479.912808	440.877011
480.121125	418.871303
480.329428	464.883238
480.537715	360.856253
480.745988	360.856253
480.954247	358.855734
481.162490	436.875973
481.370719	438.876492
481.578933	438.876492
481.787132	490.889984
481.995316	498.892060
482.203486	408.868708
482.411641	394.865075
482.619781	514.896212
482.827907	424.872859
483.036017	564.909185
483.244113	506.894136
483.452194	604.919564
483.660261	500.892579
483.868312	454.880643
484.076349	588.915413
484.284371	608.920602
484.492379	592.916450
484.700371	588.915413
484.908349	630.926310
485.116312	636.927867
485.324260	654.932538
485.532193	554.906591
485.740112	696.943435
485.948016	690.941879
486.155905	668.936170
486.363779	794.968864
486.571638	648.930981
486.779483	730.952257
486.987313	636.927867
487.195128	620.923716
487.402928	716.948625
487.610713	794.968864
487.818484	652.932019
488.026240	624.924754
488.233981	684.940322
488.441707	648.930981
488.649419	668.936170
488.857115	648.930981
489.064797	602.919045
489.272464	716.948625
489.480116	722.950182
489.687753	664.935132
489.895376	774.963674
490.102983	640.928905
490.310576	624.924754
490.518154	696.943435
490.725718	602.919045
490.933266	630.926310
491.140799	718.949144
491.348318	546.904515
491.555822	634.927348
491.763311	688.941360
491.970785	474.885833
492.178245	570.910742
492.385689	564.909185
492.593119	616.922678
492.800534	402.867151
493.007934	584.914375
493.215319	488.889465
493.422689	672.937208
493.630044	638.928386
493.837385	604.919564
494.044711	574.911780
494.252022	478.886871
494.459318	630.926310
494.666599	518.897250
494.873865	476.886352
495.081116	722.950182
495.288353	494.891022
495.495575	610.921121
495.702782	458.881681
495.909973	500.892579
496.117151	624.924754
496.324313	498.892060
496.531460	476.886352
496.738593	548.905034
496.945710	632.926829
497.152813	582.913856
497.359901	436.875973
497.566974	616.922678
497.774032	588.915413
497.981075	534.901401
498.188103	538.902439
498.395116	552.906072
498.602115	490.889984
498.809098	508.894655
499.016067	406.868189
499.223021	460.882200
499.429960	446.878568
499.636884	360.856253
499.843793	484.888428
500.050687	522.898287
500.257566	388.863518
500.464431	334.849507
500.671280	270.832901
500.878115	340.851064
501.084934	652.932019
501.291739	456.881162
501.498529	542.903477
501.705304	350.853659
501.912063	316.844837
502.118809	412.869746
502.325539	398.866113
502.532254	438.876492
502.738954	366.857810
502.945639	336.850026
503.152310	352.854177
503.358965	386.862999
503.565606	530.900363
503.772231	402.867151
503.978842	430.874416
504.185438	330.848469
504.392018	404.867670
504.598584	312.843799
504.805135	544.903996
505.011671	430.874416
505.218192	440.877011
505.424698	468.884276
505.631189	366.857810
505.837665	386.862999
506.044127	318.845355
506.250573	422.872340
506.457004	520.897769
506.663420	326.847431
506.869822	412.869746
507.076208	502.893098
507.282579	430.874416
507.488936	370.858848
507.695277	290.838090
507.901604	408.868708
508.107915	398.866113
508.314212	398.866113
508.520494	384.862481
508.726760	412.869746
508.933012	338.850545
509.139248	322.846393
509.345470	446.878568
509.551677	342.851583
509.757869	356.855215
509.964045	256.829268
510.170207	364.857291
510.376354	214.818371
510.582485	358.855734
510.788602	572.911261
510.994704	414.870265
511.200791	420.871821
511.406862	366.857810
511.612919	306.842242
511.818961	428.873897
512.024988	346.852621
512.230999	304.841723
512.436996	386.862999
512.642978	312.843799
512.848945	312.843799
513.054896	276.834458
513.260833	366.857810
513.466755	384.862481
513.672661	358.855734
513.878553	326.847431
514.084429	384.862481
514.290291	362.856772
514.496138	474.885833
514.701969	502.893098
514.907786	398.866113
515.113587	554.906591
515.319373	436.875973
515.525145	260.830306
515.730901	374.859886
515.936642	398.866113
516.142369	432.874935
516.348080	364.857291
516.553776	376.860405
516.759457	422.872340
516.965123	650.931500
517.170775	358.855734
517.376411	428.873897
517.582032	602.919045
517.787637	394.865075
517.993228	516.896731
518.198804	454.880643
518.404365	444.878049
518.609910	284.836533
518.815441	432.874935
519.020957	336.850026
519.226457	354.854696
519.431943	424.872859
519.637413	324.846912
519.842868	358.855734
520.048308	342.851583
520.253734	544.903996
520.459144	390.864037
520.664539	664.935132
520.869919	366.857810
521.075283	354.854696
521.280633	354.854696
521.485968	298.840166
521.691287	258.829787
521.896592	422.872340
522.101881	252.828230
522.307155	432.874935
522.512415	356.855215
522.717659	312.843799
522.922888	354.854696
523.128102	276.834458
523.333301	298.840166
523.538484	424.872859
523.743653	322.846393
523.948806	412.869746
524.153945	344.852102
524.359068	296.839647
524.564176	378.860924
524.769269	352.854177
524.974347	420.871821
525.179410	338.850545
525.384458	346.852621
525.589491	336.850026
525.794508	294.839128
525.999511	344.852102
526.204498	396.865594
526.409470	368.858329
526.614427	290.838090
526.819369	414.870265
527.024296	374.859886
527.229207	272.833420
527.434104	294.839128
527.638985	332.848988
527.843851	398.866113
528.048702	278.834977
528.253538	434.875454
528.458359	234.823560
528.663165	324.846912
528.867955	358.855734
529.072730	202.815257
529.277491	276.834458
529.482236	432.874935
529.686966	236.824079
529.891680	366.857810
530.096380	432.874935
530.301064	440.877011
530.505734	286.837052
530.710388	216.818889
530.915027	186.811105
531.119650	302.841204
531.324259	470.884795
531.528852	298.840166
531.733431	414.870265
531.937994	428.873897
532.142542	358.855734
532.347075	442.877530
532.551592	372.859367
532.756094	410.869227
532.960582	480.887390
533.165054	390.864037
533.369511	424.872859
533.573952	412.869746
533.778379	388.863518
533.982790	442.877530
534.187186	530.900363
534.391567	422.872340
534.595933	364.857291
534.800283	472.885314
535.004619	516.896731
535.208939	356.855215
535.413244	310.843280
535.617533	260.830306
535.821808	418.871303
536.026067	476.886352
536.230311	668.936170
536.434540	382.861962
536.638754	360.856253
536.842952	584.914375
537.047136	452.880125
537.251304	568.910223
537.455456	574.911780
537.659594	478.886871
537.863716	542.903477
538.067823	760.960042
538.271915	838.980280
538.475992	766.961598
538.680054	730.952257
538.884100	814.974053
539.088131	802.970939
539.292147	878.990659
539.496147	927.003114
539.700132	949.008822
539.904103	995.020758
540.108057	1133.056565
540.311997	1355.114167
540.515921	1463.142190
540.719830	1517.156201
540.923724	1721.209133
541.127603	1937.265179
541.331466	2185.329528
541.535314	2359.374676
541.739147	2373.378308
541.942965	2451.398547
542.146767	2607.439024
542.350554	2531.419305
542.554326	2595.435911
542.758082	2477.405293
542.961824	2597.436430
543.165550	2543.422418
543.369260	2541.421899
543.572956	2593.435392
543.776636	2513.414634
543.980301	2533.419824
544.183951	2475.404774
544.387585	2513.414634
544.591204	2415.389206
544.794808	2731.471199
544.998397	2785.485210
545.201970	3261.608718
545.405528	3479.665283
545.609070	3891.772185
545.812598	4065.817333
546.016110	3931.782564
546.219607	3641.707317
546.423088	3263.609237
546.626554	2845.500778
546.830005	2299.359107
547.033441	2229.340944
547.236861	2151.320706
547.440266	1843.240789
547.643656	1777.223664
547.847031	1573.170732
548.050390	1673.196679
548.253733	1427.132849
548.457062	1437.135444
548.660375	1543.162948
548.863673	1253.087701
549.066955	1399.125584
549.270223	1341.110535
549.473475	1205.075246
549.676711	1119.052932
549.879932	1145.059678
550.083138	1119.052932
550.286329	1153.061754
550.489504	1105.049299
550.692664	1023.028023
550.895809	987.018682
551.098938	890.993773
551.302052	943.007265
551.505151	830.978204
551.708234	734.953295
551.911302	860.985989
552.114355	760.960042
552.317392	830.978204
552.520414	838.980280
552.723420	750.957447
552.926411	668.936170
553.129387	666.935651
553.332348	706.946030
553.535293	526.899325
553.738223	606.920083
553.941137	660.934094
554.144036	668.936170
554.346920	568.910223
554.549788	430.874416
554.752641	570.910742
554.955479	524.898806
555.158301	564.909185
555.361108	526.899325
555.563900	574.911780
555.766676	460.882200
555.969437	448.879087
556.172182	464.883238
556.374912	470.884795
556.577627	354.854696
556.780326	388.863518
556.983010	446.878568
557.185678	522.898287
557.388331	630.926310
557.590969	464.883238
557.793591	504.893617
557.996198	350.853659
558.198790	376.860405
558.401366	506.894136
558.603927	502.893098
558.806472	386.862999
559.009002	302.841204
559.211517	426.873378
559.414016	424.872859
559.616499	334.849507
559.818968	344.852102
560.021421	526.899325
560.223858	508.894655
560.426280	402.867151
560.628687	282.836015
560.831078	406.868189
561.033454	406.868189
561.235815	304.841723
561.438160	348.853140
561.640489	452.880125
561.842803	374.859886
562.045102	458.881681
562.247385	318.845355
562.449653	412.869746
562.651906	284.836533
562.854143	454.880643
563.056364	492.890503
563.258570	398.866113
563.460761	424.872859
563.662936	352.854177
563.865096	318.845355
564.067241	476.886352
564.269369	462.882719
564.471483	402.867151
564.673581	390.864037
564.875664	350.853659
565.077731	424.872859
565.279782	526.899325
565.481819	336.850026
565.683839	422.872340
565.885845	342.851583
566.087835	422.872340
566.289809	458.881681
566.491768	330.848469
566.693711	222.820446
566.895639	414.870265
567.097552	330.848469
567.299449	412.869746
567.501330	388.863518
567.703197	398.866113
567.905047	370.858848
568.106882	264.831344
568.308702	292.838609
568.510506	416.870784
568.712295	402.867151
568.914068	480.887390
569.115826	406.868189
569.317568	388.863518
569.519295	350.853659
569.721006	372.859367
569.922702	346.852621
570.124382	474.885833
570.326047	228.822003
570.527696	322.846393
570.729330	384.862481
570.930948	448.879087
571.132551	444.878049
571.334138	256.829268
571.535710	276.834458
571.737266	286.837052
571.938807	502.893098
572.140332	224.820965
572.341842	242.825636
572.543336	360.856253
572.744815	358.855734
572.946278	366.857810
573.147726	270.832901
573.349158	416.870784
573.550575	362.856772
573.751976	458.881681
573.953361	394.865075
574.154731	462.882719
574.356086	314.844318
574.557425	496.891541
574.758748	268.832382
574.960056	476.886352
575.161348	374.859886
575.362625	448.879087
575.563886	474.885833
575.765132	492.890503
575.966362	544.903996
576.167577	710.947068
576.368776	642.929424
576.569959	752.957966
576.771127	800.970420
576.972280	866.987545
577.173417	794.968864
577.374538	632.926829
577.575644	786.966788
577.776734	690.941879
577.977809	544.903996
578.178868	792.968345
578.379911	678.938765
578.580939	872.989102
578.781951	965.012974
578.982948	991.019720
579.183929	919.001038
579.384895	1003.022833
579.585845	778.964712
579.786780	736.953814
579.987699	762.960560
580.188602	862.986508
580.389490	756.959004
580.590362	680.939284
580.791218	690.941879
580.992059	820.975610
581.192885	642.929424
581.393695	860.985989
581.594489	686.940841
581.795267	981.017125
581.996031	748.956928
582.196778	676.938246
582.397510	780.965231
582.598226	758.959523
582.798927	728.951738
582.999612	884.992216
583.200281	1033.030618
583.400935	981.017125
583.601573	778.964712
583.802196	898.995848
584.002803	888.993254
584.203394	915.000000
584.403970	756.959004
584.604530	888.993254
584.805074	953.009860
585.005603	830.978204
585.206116	800.970420
585.406614	820.975610
585.607096	894.994811
585.807562	866.987545
586.008013	774.963674
586.208448	979.016606
586.408868	836.979761
586.609272	1031.030099
586.809660	1061.037883
587.010032	1079.042553
587.210389	1041.032693
587.410731	1013.025428
587.611056	1011.024909
587.811366	1017.026466
588.011660	979.016606
588.211939	886.992735
588.412202	1001.022314
588.612450	812.973534
588.812681	810.973015
589.012897	740.954852
589.213098	766.961598
589.413283	910.998962
589.613452	788.967307
589.813605	592.916450
590.013743	828.977686
590.213865	782.965750
590.413971	686.940841
590.614062	768.962117
590.814137	618.923197
591.014197	756.959004
591.214240	530.900363
591.414268	654.932538
591.614281	634.927348
591.814277	780.965231
592.014258	776.964193
592.214224	740.954852
592.414173	834.979242
592.614107	1081.043072
592.814026	764.961079
593.013928	834.979242
593.213815	808.972496
593.413686	752.957966
593.613542	774.963674
593.813382	728.951738
594.013206	772.963155
594.213014	634.927348
594.412807	646.930462
594.612584	550.905553
594.812345	562.908666
595.012091	624.924754
595.211820	616.922678
595.411535	446.878568
595.611233	510.895174
595.810916	664.935132
596.010583	594.916969
596.210234	570.910742
596.409870	434.875454
596.609489	522.898287
596.809093	586.914894
597.008682	436.875973
597.208255	492.890503
597.407811	500.892579
597.607353	476.886352
597.806878	472.885314
598.006388	536.901920
598.205882	588.915413
598.405360	592.916450
598.604823	664.935132
598.804269	554.906591
599.003701	542.903477
599.203116	588.915413
599.402515	658.933576
599.601899	674.937727
599.801267	560.908147
600.000620	594.916969
600.199956	644.929943
600.399277	544.903996
600.598582	656.933057
600.797871	542.903477
600.997145	468.884276
601.196402	508.894655
601.395644	434.875454
601.594871	474.885833
601.794081	482.887909
601.993276	452.880125
602.192455	440.877011
602.391618	464.883238
602.590765	436.875973
602.789897	412.869746
602.989013	548.905034
603.188113	418.871303
603.387197	434.875454
603.586266	376.860405
603.785318	460.882200
603.984355	552.906072
604.183376	504.893617
604.382382	524.898806
604.581371	498.892060
604.780345	468.884276
604.979303	398.866113
605.178245	414.870265
605.377171	432.874935
605.576082	520.897769
605.774977	712.947587
605.973856	602.919045
606.172719	610.921121
606.371566	386.862999
606.570398	582.913856
606.769214	446.878568
606.968013	588.915413
607.166798	552.906072
607.365566	640.928905
607.564318	658.933576
607.763055	514.896212
607.961776	720.949663
608.160481	834.979242
608.359170	750.957447
608.557843	828.977686
608.756501	772.963155
608.955143	886.992735
609.153769	1001.022314
609.352379	1031.030099
609.550973	1201.074209
609.749551	1553.165542
609.948114	1843.240789
610.146661	2339.369486
610.345191	2807.490919
610.543706	3511.673586
610.742206	4015.804359
610.940689	4345.889984
611.139156	4529.937727
611.337608	4659.971458
611.536044	4723.988064
611.734464	4267.869746
611.932868	3803.749351
612.131256	3655.710950
612.329628	3269.610794
612.527985	3045.552673
612.726326	2889.512195
612.924650	2673.456149
613.122959	2339.369486
613.321252	2213.336793
613.519530	2153.321225
613.717791	2087.304100
613.916036	1803.230410
614.114266	1893.253762
614.312480	1825.236118
614.510677	1719.208614
614.708859	1659.193046
614.907025	1481.146860
615.105176	1497.151012
615.303310	1371.118319
615.501428	1323.105864
615.699531	1281.094966
615.897617	1103.048780
616.095688	1199.073690
616.293743	1093.046186
616.491782	993.020239
616.689805	963.012455
616.887812	898.995848
617.085803	786.966788
617.283779	744.955890
617.481738	915.000000
617.679682	728.951738
617.877609	676.938246
618.075521	872.989102
618.273417	754.958485
618.471297	872.989102
618.669161	778.964712
618.867009	744.955890
619.064841	738.954333
619.262657	780.965231
619.460458	778.964712
619.658242	676.938246
619.856011	790.967826
620.053763	692.942398
620.251500	696.943435
620.449221	744.955890
620.646925	904.997405
620.844614	802.970939
621.042287	824.976648
621.239944	634.927348
621.437585	630.926310
621.635210	782.965750
621.832819	796.969382
622.030413	742.955371
622.227990	720.949663
622.425551	582.913856
622.623097	670.936689
622.820626	720.949663
623.018139	678.938765
623.215637	838.980280
623.413119	630.926310
623.610584	626.925272
623.808034	806.971977
624.005468	698.943954
624.202885	622.924235
624.400287	842.981318
624.597673	840.980799
624.795043	602.919045
624.992397	728.951738
625.189735	798.969901
625.387057	668.936170
625.584362	774.963674
625.781652	648.930981
625.978926	690.941879
626.176185	770.962636
626.373427	764.961079
626.570653	754.958485
626.767863	774.963674
626.965057	756.959004
627.162235	660.934094
627.359397	740.954852
627.556543	644.929943
627.753673	730.952257
627.950788	648.930981
628.147886	548.905034
628.344968	688.941360
628.542034	632.926829
628.739084	616.922678
628.936118	534.901401
629.133137	937.005708
629.330139	758.959523
629.527125	706.946030
629.724095	722.950182
629.921049	866.987545
630.117987	738.954333
630.314909	850.983394
630.511815	880.991178
630.708705	969.014011
630.905579	780.965231
631.102437	937.005708
631.299279	900.996367
631.496105	762.960560
631.692915	798.969901
631.889709	716.948625
632.086487	722.950182
632.283249	736.953814
632.479995	596.917488
632.676725	534.901401
632.873438	468.884276
633.070136	560.908147
633.266818	490.889984
633.463483	604.919564
633.660133	466.883757
633.856767	504.893617
634.053384	422.872340
634.249986	376.860405
634.446571	396.865594
634.643140	420.871821
634.839694	414.870265
635.036231	334.849507
635.232752	386.862999
635.429257	308.842761
635.625746	304.841723
635.822219	386.862999
636.018676	370.858848
636.215117	396.865594
636.411542	404.867670
636.607950	458.881681
636.804343	428.873897
637.000720	408.868708
637.197080	400.866632
637.393425	384.862481
637.589753	352.854177
637.786065	356.855215
637.982361	318.845355
638.178642	358.855734
638.374906	382.861962
638.571154	446.878568
638.767385	384.862481
638.963601	374.859886
639.159801	226.821484
639.355984	454.880643
639.552152	250.827711
639.748303	390.864037
639.944438	394.865075
640.140558	292.838609
640.336661	242.825636
640.532748	496.891541
640.728819	418.871303
640.924873	388.863518
641.120912	372.859367
641.316935	376.860405
641.512941	334.849507
641.708931	584.914375
641.904906	332.848988
642.100864	288.837571
642.296806	226.821484
642.492731	402.867151
642.688641	302.841204
642.884535	452.880125
643.080412	370.858848
643.276274	412.869746
643.472119	488.889465
643.667948	506.894136
643.863761	456.881162
644.059558	464.883238
644.255338	376.860405
644.451103	442.877530
644.646851	344.852102
644.842583	398.866113
645.038300	426.873378
645.234000	466.883757
645.429683	504.893617
645.625351	398.866113
645.821003	270.832901
646.016638	384.862481
646.212257	512.895693
646.407860	458.881681
646.603447	398.866113
646.799018	378.860924
646.994572	442.877530
647.190111	418.871303
647.385633	428.873897
647.581139	318.845355
647.776629	472.885314
647.972103	420.871821
648.167560	392.864556
648.363002	332.848988
648.558427	406.868189
648.753836	366.857810
648.949229	292.838609
649.144606	530.900363
649.339966	356.855215
649.535311	406.868189
649.730639	362.856772
649.925951	552.906072
650.121246	488.889465
650.316526	412.869746
650.511789	490.889984
650.707037	416.870784
650.902268	442.877530
651.097483	454.880643
651.292681	420.871821
651.487864	472.885314
651.683030	434.875454
651.878180	384.862481
652.073314	398.866113
652.268431	348.853140
652.463533	306.842242
652.658618	496.891541
652.853687	438.876492
653.048739	450.879606
653.243776	452.880125
653.438796	456.881162
653.633800	398.866113
653.828788	478.886871
654.023760	324.846912
654.218715	600.918526
654.413655	466.883757
654.608578	418.871303
654.803484	398.866113
654.998375	332.848988
655.193249	330.848469
655.388107	280.835496
655.582949	472.885314
655.777775	486.888947
655.972584	368.858329
656.167377	432.874935
656.362154	410.869227
656.556914	378.860924
656.751659	246.826674
656.946387	354.854696
657.141099	350.853659
657.335794	468.884276
657.530474	448.879087
657.725137	466.883757
657.919784	368.858329
658.114414	510.895174
658.309029	472.885314
658.503627	450.879606
658.698208	336.850026
658.892774	386.862999
659.087323	458.881681
659.281856	434.875454
659.476373	316.844837
659.670873	362.856772
659.865358	248.827193
660.059825	368.858329
660.254277	324.846912
660.448712	476.886352
660.643131	368.858329
660.837534	406.868189
661.031921	362.856772
661.226291	324.846912
661.420645	416.870784
661.614983	438.876492
661.809304	566.909704
662.003609	448.879087
662.197898	432.874935
662.392170	458.881681
662.586426	502.893098
662.780666	430.874416
662.974890	450.879606
663.169097	382.861962
663.363288	516.896731
663.557463	502.893098
663.751621	410.869227
663.945763	484.888428
664.139889	398.866113
664.333998	432.874935
664.528091	458.881681
664.722168	376.860405
664.916228	436.875973
665.110272	494.891022
665.304300	530.900363
665.498312	600.918526
665.692307	458.881681
665.886286	512.895693
666.080248	622.924235
666.274194	436.875973
666.468124	458.881681
666.662038	512.895693
666.855935	722.950182
667.049816	474.885833
667.243680	540.902958
667.437528	620.923716
667.631360	550.905553
667.825176	600.918526
668.018975	616.922678
668.212757	644.929943
668.406524	548.905034
668.600274	654.932538
668.794008	746.956409
668.987725	674.937727
669.181426	584.914375
669.375111	744.955890
669.568779	686.940841
669.762431	896.995330
669.956066	921.001557
670.149686	935.005189
670.343288	890.993773
670.536875	987.018682
670.730445	975.015568
670.923999	955.010379
671.117536	1075.041515
671.311057	1213.077322
671.504562	1193.072133
671.698050	1251.087182
671.891522	1513.155163
672.084977	1313.103269
672.278416	1217.078360
672.471839	1423.131811
672.665245	1433.134406
672.858635	1651.190970
673.052008	1419.130773
673.245366	1587.174364
673.438706	1667.195122
673.632031	1671.196160
673.825338	1769.221588
674.018630	1845.241308
674.211905	1981.276596
674.405164	1965.272444
674.598406	2103.308251
674.791632	2231.341463
674.984842	2213.336793
675.178035	2325.365854
675.371211	2317.363778
675.564372	2527.418267
675.757515	2407.387130
675.950643	2717.467566
676.143754	2793.487286
676.336848	2869.507006
676.529927	2871.507525
676.722988	3083.562532
676.916034	3325.625324
677.109063	3271.611313
677.302075	3449.657499
677.495071	3359.634146
677.688051	3445.656461
677.881014	3665.713544
678.073961	3919.779450
678.266891	4091.824079
678.459805	4223.858329
678.652702	4481.925272
678.845583	4455.918526
679.038448	4551.943435
679.231296	4485.926310
679.424127	4928.040996
679.616942	5024.065906
679.809741	5224.117800
680.002524	5136.094966
680.195289	5270.129735
680.388039	5372.156201
680.580772	5544.200830
680.773488	5856.281785
680.966188	5976.312922
681.158872	5894.291645
681.351539	5782.262584
681.544189	6248.383498
681.736823	6224.377270
681.929441	6248.383498
682.122042	6374.416191
682.314627	6550.461858
682.507195	6676.494551
682.699747	6476.442657
682.892282	6676.494551
683.084801	6650.487805
683.277303	6910.555267
683.469789	6802.527244
683.662258	6846.538661
683.854711	6854.540737
684.047148	7088.601453
684.239567	7014.582252
684.431971	7048.591074
684.624358	6794.525169
684.816728	6742.511676
685.009082	6824.532953
685.201419	6754.514790
685.393740	6712.503892
685.586045	6656.489362
685.778333	6550.461858
685.970604	6304.398028
686.162859	6312.400104
686.355097	6456.437468
686.547319	6296.395952
686.739524	6330.404774
686.931713	6340.407369
687.123886	6196.370005
687.316041	5704.242346
687.508181	5652.228853
687.700303	5896.292164
687.892410	5642.226258
688.084499	5358.152569
688.276572	5252.125065
688.468629	5054.073690
688.660669	4904.034769
688.852693	4884.029580
689.044700	4741.992735
689.236690	4597.955371
689.428664	4309.880643
689.620622	4207.854177
689.812563	4205.853659
690.004487	3993.798651
690.196395	3789.745719
690.388286	3717.727037
690.580161	3511.673586
690.772019	3213.596264
690.963861	3339.628957
691.155686	3257.607680
691.347494	3065.557862
691.539286	2923.521017
691.731061	2917.519460
691.922820	2593.435392
692.114562	2739.473275
692.306288	2491.408926
692.497997	2441.395952
692.689690	2369.377270
692.881366	2311.362221
693.073025	2077.301505
693.264668	2269.351323
693.456295	1991.279190
693.647904	1931.263622
693.839497	1711.206539
694.031074	1917.259990
694.222634	1625.184224
694.414177	1535.160872
694.605704	1525.158277
694.797214	1387.122470
694.988708	1437.135444
695.180185	1475.145304
695.371646	1299.099637
695.563089	1105.049299
695.754517	1061.037883
695.945927	1209.076284
696.137321	1109.050337
696.328699	1053.035807
696.520060	1003.022833
696.711404	949.008822
696.902732	846.982356
697.094043	792.968345
697.285337	872.989102
697.476615	752.957966
697.667876	1021.027504
697.859121	650.931500
698.050349	662.934613
698.241560	854.984432
698.432755	678.938765
698.623933	676.938246
698.815095	724.950701
699.006240	662.934613
699.197368	582.913856
699.388480	586.914894
699.579575	564.909185
699.770653	632.926829
699.961715	554.906591
700.152760	574.911780
700.343789	536.901920
700.534800	452.880125
700.725796	494.891022
700.916774	484.888428
701.107736	686.940841
701.298681	462.882719
701.489610	448.879087
701.680522	474.885833
701.871417	712.947587
702.062296	534.901401
702.253158	522.898287
702.444004	454.880643
702.634832	400.866632
702.825644	502.893098
703.016440	398.866113
703.207219	436.875973
703.397981	446.878568
703.588726	466.883757
703.779455	390.864037
703.970167	434.875454
704.160863	732.952776
704.351541	446.878568
704.542203	372.859367
704.732849	362.856772
704.923478	292.838609
705.114090	416.870784
705.304685	382.861962
705.495264	468.884276
705.685826	496.891541
705.876371	448.879087
706.066900	570.910742
706.257412	514.896212
706.447907	540.902958
706.638385	506.894136
706.828847	602.919045
707.019292	552.906072
707.209721	596.917488
707.400133	520.897769
707.590528	508.894655
707.780906	464.883238
707.971268	326.847431
708.161613	456.881162
708.351941	490.889984
708.542253	524.898806
708.732548	626.925272
708.922826	594.916969
709.113087	558.907628
709.303332	456.881162
709.493560	584.914375
709.683771	468.884276
709.873966	468.884276
710.064143	458.881681
710.254304	458.881681
710.444449	414.870265
710.634576	440.877011
710.824687	388.863518
711.014782	348.853140
711.204859	432.874935
711.394920	394.865075
711.584964	422.872340
711.774991	416.870784
711.965001	544.903996
712.154995	562.908666
712.344972	488.889465
712.534932	478.886871
712.724876	342.851583
712.914803	574.911780
713.104713	420.871821
713.294606	406.868189
713.484483	438.876492
713.674342	390.864037
713.864185	430.874416
714.054011	440.877011
714.243821	302.841204
714.433614	434.875454
714.623390	342.851583
714.813149	310.843280
715.002891	386.862999
715.192617	390.864037
715.382326	292.838609
715.572018	218.819408
715.761693	254.828749
715.951352	244.826155
716.140993	286.837052
716.330618	304.841723
716.520227	268.832382
716.709818	290.838090
716.899393	368.858329
717.088951	226.821484
717.278492	310.843280
717.468016	444.878049
717.657523	476.886352
717.847014	310.843280
718.036488	348.853140
718.225945	314.844318
718.415385	220.819927
718.604809	408.868708
718.794216	362.856772
718.983606	364.857291
719.172979	260.830306
719.362335	236.824079
719.551674	382.861962
719.740997	292.838609
719.930303	316.844837
720.119592	324.846912
720.308864	216.818889
720.498120	322.846393
720.687358	340.851064
720.876580	392.864556
721.065785	196.813700
721.254973	450.879606
721.444144	424.872859
721.633299	368.858329
721.822436	346.852621
722.011557	252.828230
722.200661	340.851064
722.389748	410.869227
722.578818	334.849507
722.767872	304.841723
722.956909	220.819927
723.145928	220.819927
723.334931	296.839647
723.523917	202.815257
723.712887	310.843280
723.901839	300.840685
724.090775	324.846912
724.279693	390.864037
724.468595	368.858329
724.657480	250.827711
724.846348	388.863518
725.035199	236.824079
725.224034	402.867151
725.412851	370.858848
725.601652	284.836533
725.790436	352.854177
725.979203	220.819927
726.167953	368.858329
726.356686	288.837571
726.545402	380.861443
726.734102	422.872340
726.922784	376.860405
727.111450	266.831863
727.300099	262.830825
727.488731	452.880125
727.677346	394.865075
727.865944	278.834977
728.054525	336.850026
728.243090	306.842242
728.431637	268.832382
728.620168	424.872859
728.808682	354.854696
728.997178	326.847431
729.185658	256.829268
729.374121	404.867670
729.562567	186.811105
729.750997	300.840685
729.939409	198.814219
730.127804	378.860924
730.316183	320.845874
730.504545	252.828230
730.692889	420.871821
730.881217	402.867151
731.069528	276.834458
731.257822	370.858848
731.446099	324.846912
731.634359	400.866632
731.822602	300.840685
732.010828	412.869746
732.199038	288.837571
732.387230	356.855215
732.575406	310.843280
732.763564	308.842761
732.951706	396.865594
733.139831	318.845355
733.327938	292.838609
733.516029	274.833939
733.704103	296.839647
733.892160	424.872859
734.080200	342.851583
734.268223	356.855215
734.456229	352.854177
734.644218	358.855734
734.832191	202.815257
735.020146	262.830825
735.208084	428.873897
735.396006	330.848469
735.583910	338.850545
735.771797	288.837571
735.959668	322.846393
736.147522	372.859367
736.335358	380.861443
736.523178	228.822003
736.710980	310.843280
736.898766	384.862481
737.086535	196.813700
737.274286	468.884276
737.462021	316.844837
737.649739	330.848469
737.837440	250.827711
738.025124	240.825117
738.212791	424.872859
738.400440	264.831344
738.588073	420.871821
738.775689	348.853140
738.963288	282.836015
739.150870	418.871303
739.338435	318.845355
739.525983	372.859367
739.713514	408.868708
739.901028	312.843799
740.088525	308.842761
740.276005	322.846393
740.463468	408.868708
740.650914	410.869227
740.838343	326.847431
741.025755	408.868708
741.213150	300.840685
741.400528	374.859886
741.587889	264.831344
741.775233	322.846393
741.962559	234.823560
742.149869	376.860405
742.337162	478.886871
742.524438	374.859886
742.711697	216.818889
742.898939	344.852102
743.086164	294.839128
743.273371	330.848469
743.460562	334.849507
743.647736	186.811105
743.834892	326.847431
744.022032	330.848469
744.209155	404.867670
744.396260	430.874416
744.583349	316.844837
744.770420	330.848469
744.957475	280.835496
745.144512	260.830306
745.331533	490.889984
745.518536	276.834458
745.705522	332.848988
745.892491	234.823560
746.079444	272.833420
746.266379	308.842761
746.453297	360.856253
746.640198	192.812662
746.827082	324.846912
747.013949	250.827711
747.200798	252.828230
747.387631	278.834977
747.574447	330.848469
747.761246	464.883238
747.948027	328.847950
748.134792	432.874935
748.321539	306.842242
748.508269	236.824079
748.694983	362.856772
748.881679	338.850545
749.068358	338.850545
749.255020	396.865594
749.441665	364.857291
749.628293	352.854177
749.814904	244.826155
750.001497	260.830306
750.188074	352.854177
750.374633	340.851064
750.561176	414.870265
750.747701	228.822003
750.934209	292.838609
751.120701	302.841204
751.307175	456.881162
751.493631	270.832901
751.680071	372.859367
751.866494	272.833420
752.052900	322.846393
752.239288	774.963674
752.425660	374.859886
752.612014	408.868708
752.798351	302.841204
752.984671	396.865594
753.170974	370.858848
753.357260	282.836015
753.543529	314.844318
753.729780	390.864037
753.916015	484.888428
754.102232	332.848988
754.288432	372.859367
754.474615	300.840685
754.660781	270.832901
754.846930	384.862481
755.033062	300.840685
755.219176	308.842761
755.405274	296.839647
755.591354	326.847431
755.777417	374.859886
755.963463	364.857291
756.149492	304.841723
756.335503	414.870265
756.521498	178.809030
756.707475	326.847431
756.893436	244.826155
757.079379	502.893098
757.265305	422.872340
757.451213	240.825117
757.637105	226.821484
757.822979	328.847950
758.008837	298.840166
758.194677	346.852621
758.380500	286.837052
758.566306	388.863518
758.752094	246.826674
758.937866	320.845874
759.123620	364.857291
759.309357	398.866113
759.495077	300.840685
759.680780	326.847431
759.866465	430.874416
760.052134	416.870784
760.237785	322.846393
760.423419	468.884276
760.609036	218.819408
760.794636	346.852621
760.980218	606.920083
761.165783	216.818889
761.351331	332.848988
761.536862	424.872859
761.722376	296.839647
761.907873	386.862999
762.093352	414.870265
762.278814	324.846912
762.464259	346.852621
762.649687	234.823560
762.835097	256.829268
763.020490	346.852621
763.205866	404.867670
763.391225	300.840685
763.576567	312.843799
763.761891	326.847431
763.947199	172.807473
764.132489	280.835496
764.317761	544.903996
764.503017	350.853659
764.688255	294.839128
764.873476	364.857291
765.058680	334.849507
765.243867	230.822522
765.429036	378.860924
765.614188	362.856772
765.799323	284.836533
765.984441	226.821484
766.169542	362.856772
766.354625	296.839647
766.539691	348.853140
766.724740	368.858329
766.909771	120.793980
767.094785	260.830306
767.279782	282.836015
767.464762	320.845874
767.649725	382.861962
767.834670	358.855734
768.019598	316.844837
768.204509	300.840685
768.389402	250.827711
768.574278	198.814219
768.759137	442.877530
768.943979	336.850026
769.128804	236.824079
769.313611	364.857291
769.498401	394.865075
769.683173	312.843799
769.867929	350.853659
770.052667	284.836533
770.237388	316.844837
770.422091	192.812662
770.606777	434.875454
770.791446	566.909704
770.976098	236.824079
771.160733	316.844837
771.345350	334.849507
771.529950	364.857291
771.714532	254.828749
771.899097	232.823041
772.083645	368.858329
772.268176	246.826674
772.452689	296.839647
772.637185	350.853659
772.821664	242.825636
773.006126	406.868189
773.190570	358.855734
773.374997	162.804878
773.559406	350.853659
773.743799	376.860405
773.928174	398.866113
774.112531	394.865075
774.296872	304.841723
774.481195	290.838090
774.665500	274.833939
774.849789	438.876492
775.034060	408.868708
775.218313	354.854696
775.402550	268.832382
775.586769	332.848988
775.770971	334.849507
775.955155	386.862999
776.139322	216.818889
776.323472	420.871821
776.507605	252.828230
776.691720	258.829787
776.875817	224.820965
777.059898	354.854696
777.243961	420.871821
777.428007	380.861443
777.612035	348.853140
777.796046	290.838090
777.980040	296.839647
778.164016	280.835496
778.347975	340.851064
778.531917	416.870784
778.715841	332.848988
778.899748	314.844318
779.083638	286.837052
779.267510	316.844837
779.451365	254.828749
779.635202	368.858329
779.819022	216.818889
780.002825	346.852621
780.186611	312.843799
780.370379	310.843280
780.554129	298.840166
780.737863	342.851583
780.921579	384.862481
781.105277	338.850545
781.288958	330.848469
781.472622	296.839647
781.656268	330.848469
781.839898	258.829787
782.023509	352.854177
782.207103	232.823041
782.390680	314.844318
782.574240	300.840685
782.757782	296.839647
782.941306	250.827711
783.124814	242.825636
783.308304	284.836533
783.491776	248.827193
783.675231	290.838090
783.858669	432.874935
784.042089	368.858329
784.225492	300.840685
784.408878	354.854696
784.592246	308.842761
784.775596	354.854696
784.958929	306.842242
785.142245	420.871821
785.325544	352.854177
785.508825	228.822003
785.692088	284.836533
785.875334	308.842761
786.058563	372.859367
786.241774	238.824598
786.424968	276.834458
786.608145	416.870784
786.791304	420.871821
786.974445	348.853140
787.157569	298.840166
787.340676	248.827193
787.523765	374.859886
787.706837	412.869746
787.889892	336.850026
788.072929	340.851064
788.255948	330.848469
788.438950	230.822522
788.621935	192.812662
788.804902	418.871303
788.987852	412.869746
789.170784	388.863518
789.353699	430.874416
789.536596	426.873378
789.719476	244.826155
789.902338	216.818889
790.085183	292.838609
790.268011	430.874416
790.450821	276.834458
790.633614	248.827193
790.816389	262.830825
790.999146	436.875973
791.181887	390.864037
791.364609	344.852102
791.547314	326.847431
791.730002	458.881681
791.912673	220.819927
792.095325	334.849507
792.277961	282.836015
792.460578	434.875454
792.643179	384.862481
792.825762	364.857291
793.008327	310.843280
793.190875	232.823041
793.373405	352.854177
793.555918	322.846393
793.738414	348.853140
793.920891	330.848469
794.103352	394.865075
794.285795	310.843280
794.468220	224.820965
794.650628	392.864556
794.833018	276.834458
795.015391	308.842761
795.197747	218.819408
795.380085	266.831863
795.562405	358.855734
795.744708	448.879087
795.926993	248.827193
796.109261	300.840685
796.291511	204.815776
796.473744	322.846393
796.655959	322.846393
796.838157	378.860924
797.020337	240.825117
797.202500	476.886352
797.384645	336.850026
797.566772	352.854177
797.748883	256.829268
797.930975	206.816295
798.113050	300.840685
798.295108	454.880643
798.477147	318.845355
798.659170	358.855734
798.841175	302.841204
799.023162	416.870784
799.205132	438.876492
799.387084	354.854696
799.569018	374.859886
799.750936	286.837052
799.932835	350.853659
800.114717	302.841204
800.296582	360.856253
800.478428	294.839128
800.660258	226.821484
800.842069	266.831863
801.023864	286.837052
801.205640	362.856772
801.387399	406.868189
801.569141	292.838609
801.750865	280.835496
801.932571	290.838090
802.114260	328.847950
802.295931	338.850545
802.477584	300.840685
802.659220	310.843280
802.840839	188.811624
803.022440	338.850545
803.204023	292.838609
803.385589	312.843799
803.567137	322.846393
803.748667	316.844837
803.930180	224.820965
804.111676	356.855215
804.293153	394.865075
804.474613	300.840685
804.656056	256.829268
804.837481	414.870265
805.018888	236.824079
805.200278	332.848988
805.381650	424.872859
805.563005	422.872340
805.744341	278.834977
805.925661	304.841723
806.106962	352.854177
806.288246	150.801764
806.469513	242.825636
806.650762	330.848469
806.831993	346.852621
807.013207	362.856772
807.194403	318.845355
807.375581	280.835496
807.556742	260.830306
807.737885	260.830306
807.919010	332.848988
808.100118	354.854696
808.281208	274.833939
808.462281	320.845874
808.643336	448.879087
808.824373	272.833420
809.005393	340.851064
809.186395	248.827193
809.367379	370.858848
809.548346	214.818371
809.729295	334.849507
809.910226	236.824079
810.091140	322.846393
810.272036	236.824079
810.452915	198.814219
810.633775	238.824598
810.814619	360.856253
810.995444	316.844837
811.176252	208.816814
811.357042	342.851583
811.537815	402.867151
811.718569	214.818371
811.899307	384.862481
812.080026	386.862999
812.260728	250.827711
812.441412	232.823041
812.622079	294.839128
812.802727	334.849507
812.983359	304.841723
813.163972	372.859367
813.344568	230.822522
813.525146	518.897250
813.705706	354.854696
813.886249	346.852621
814.066774	296.839647
814.247281	278.834977
814.427771	230.822522
814.608243	400.866632
814.788697	408.868708
814.969134	446.878568
815.149553	346.852621
815.329954	322.846393
815.510337	298.840166
815.690703	242.825636
815.871051	338.850545
816.051382	276.834458
816.231694	480.887390
816.411989	228.822003
816.592266	192.812662
816.772526	304.841723
816.952768	292.838609
817.132992	294.839128
817.313198	308.842761
817.493387	1139.058121
817.673558	346.852621
817.853711	216.818889
818.033846	346.852621
818.213964	360.856253
818.394064	264.831344
818.574146	372.859367
818.754211	362.856772
818.934258	452.880125
819.114287	510.895174
819.294298	286.837052
819.474292	344.852102
819.654267	220.819927
819.834226	292.838609
820.014166	378.860924
820.194089	334.849507
820.373993	290.838090
820.553881	360.856253
820.733750	324.846912
820.913602	388.863518
821.093435	458.881681
821.273252	312.843799
821.453050	394.865075
821.632830	344.852102
821.812593	288.837571
821.992338	276.834458
822.172066	286.837052
822.351775	292.838609
822.531467	362.856772
822.711141	374.859886
822.890797	272.833420
823.070436	350.853659
823.250056	408.868708
823.429659	152.802283
823.609244	286.837052
823.788812	326.847431
823.968361	374.859886
824.147893	374.859886
824.327407	418.871303
824.506903	254.828749
824.686381	358.855734
824.865842	282.836015
825.045285	222.820446
825.224710	352.854177
825.404117	330.848469
825.583507	270.832901
825.762878	292.838609
825.942232	274.833939
826.121568	234.823560
826.300886	408.868708
826.480187	410.869227
826.659469	260.830306
826.838734	392.864556
827.017981	352.854177
827.197210	418.871303
827.376422	324.846912
827.555615	244.826155
827.734791	378.860924
827.913949	186.811105
828.093089	324.846912
828.272211	496.891541
828.451315	356.855215
828.630402	316.844837
828.809471	244.826155
828.988522	444.878049
829.167555	226.821484
829.346570	364.857291
829.525568	252.828230
829.704547	272.833420
829.883509	268.832382
830.062453	256.829268
830.241379	368.858329
830.420287	324.846912
830.599177	242.825636
830.778050	268.832382
830.956905	294.839128
831.135742	266.831863
831.314561	376.860405
831.493362	376.860405
831.672145	372.859367
831.850910	226.821484
832.029658	244.826155
832.208388	230.822522
832.387099	354.854696
832.565793	196.813700
832.744469	264.831344
832.923128	348.853140
833.101768	298.840166
833.280391	332.848988
833.458995	284.836533
833.637582	278.834977
833.816151	236.824079
833.994702	240.825117
834.173235	260.830306
834.351750	300.840685
834.530247	502.893098
834.708727	216.818889
834.887188	334.849507
835.065632	276.834458
835.244058	424.872859
835.422466	354.854696
835.600856	322.846393
835.779228	318.845355
835.957582	264.831344
836.135918	310.843280
836.314237	332.848988
836.492537	348.853140
836.670820	338.850545
836.849084	282.836015
837.027331	266.831863
837.205560	232.823041
837.383771	348.853140
837.561964	320.845874
837.740139	292.838609
837.918296	296.839647
838.096436	342.851583
838.274557	244.826155
838.452660	330.848469
838.630746	392.864556
838.808814	302.841204
838.986863	294.839128
839.164895	332.848988
839.342909	272.833420
839.520905	362.856772
839.698883	258.829787
839.876843	262.830825
840.054785	264.831344
840.232709	350.853659
840.410615	360.856253
840.588503	344.852102
840.766374	322.846393
840.944226	362.856772
841.122060	342.851583
841.299877	314.844318
841.477675	366.857810
841.655456	224.820965
841.833218	368.858329
842.010963	290.838090
842.188690	500.892579
842.366399	262.830825
842.544089	282.836015
842.721762	302.841204
842.899417	448.879087
843.077054	408.868708
843.254673	346.852621
843.432274	216.818889
843.609857	458.881681
843.787422	226.821484
843.964969	478.886871
844.142498	368.858329
844.320009	266.831863
844.497502	308.842761
844.674977	408.868708
844.852434	230.822522
845.029873	218.819408
845.207294	412.869746
845.384697	312.843799
845.562083	234.823560
845.739450	206.816295
845.916799	360.856253
846.094130	512.895693
846.271443	250.827711
846.448738	388.863518
846.626016	206.816295
846.803275	338.850545
846.980516	254.828749
847.157739	432.874935
847.334944	324.846912
847.512131	326.847431
847.689301	324.846912
847.866452	338.850545
848.043585	366.857810
848.220700	316.844837
848.397797	334.849507
848.574876	228.822003
848.751937	336.850026
848.928980	290.838090
849.106005	216.818889
849.283012	210.817333
849.460001	308.842761
849.636972	246.826674
849.813925	340.851064
849.990859	238.824598
850.167776	232.823041
850.344675	256.829268
850.521556	410.869227
850.698418	244.826155
850.875263	398.866113
851.052090	306.842242
851.228898	298.840166
851.405689	308.842761
851.582461	400.866632
851.759216	314.844318
851.935952	340.851064
852.112670	364.857291
852.289370	384.862481
852.466053	342.851583
852.642717	400.866632
852.819363	216.818889
852.995991	344.852102
853.172601	534.901401
853.349193	282.836015
853.525766	274.833939
853.702322	386.862999
853.878860	326.847431
854.055379	210.817333
854.231881	296.839647
854.408364	240.825117
854.584830	336.850026
854.761277	450.879606
854.937706	412.869746
855.114117	434.875454
855.290510	342.851583
855.466885	342.851583
855.643242	436.875973
855.819581	308.842761
855.995901	240.825117
856.172204	342.851583
856.348488	430.874416
856.524755	384.862481
856.701003	404.867670
856.877233	290.838090
857.053445	322.846393
857.229639	358.855734
857.405815	206.816295
857.581973	296.839647
857.758113	480.887390
857.934234	692.942398
858.110338	246.826674
858.286423	474.885833
858.462490	318.845355
858.638539	294.839128
858.814570	392.864556
858.990583	262.830825
859.166578	352.854177
859.342554	262.830825
859.518513	378.860924
859.694453	318.845355
859.870375	306.842242
860.046279	358.855734
860.222165	382.861962
860.398033	356.855215
860.573883	294.839128
860.749714	456.881162
860.925528	278.834977
861.101323	358.855734
861.277100	376.860405
861.452859	294.839128
861.628600	306.842242
861.804322	246.826674
861.980027	242.825636
862.155713	382.861962
862.331381	262.830825
862.507031	300.840685
862.682663	238.824598
862.858277	332.848988
863.033873	298.840166
863.209450	274.833939
863.385009	368.858329
863.560550	194.813181
863.736073	328.847950
863.911578	336.850026
864.087065	316.844837
864.262533	378.860924
864.437983	228.822003
864.613415	338.850545
864.788829	254.828749
864.964225	380.861443
865.139602	308.842761
865.314962	348.853140
865.490303	336.850026
865.665626	266.831863
865.840930	232.823041
866.016217	296.839647
866.191485	276.834458
866.366735	330.848469
866.541967	308.842761
866.717181	262.830825
866.892377	210.817333
867.067554	288.837571
867.242713	344.852102
867.417854	356.855215
867.592977	238.824598
867.768082	356.855215
867.943168	298.840166
868.118236	246.826674
868.293286	256.829268
868.468318	322.846393
868.643331	360.856253
868.818327	148.801245
868.993304	322.846393
869.168263	390.864037
869.343203	280.835496
869.518126	314.844318
869.693030	288.837571
869.867916	348.853140
870.042783	234.823560
870.217633	238.824598
870.392464	368.858329
870.567277	270.832901
870.742072	364.857291
870.916848	224.820965
871.091607	386.862999
871.266347	410.869227
871.441069	362.856772
871.615772	320.845874
871.790458	298.840166
871.965125	300.840685
872.139773	232.823041
872.314404	380.861443
872.489016	458.881681
872.663610	272.833420
872.838186	308.842761
873.012744	266.831863
873.187283	240.825117
873.361804	364.857291
873.536307	250.827711
873.710791	408.868708
873.885258	444.878049
874.059705	362.856772
874.234135	288.837571
874.408547	496.891541
874.582940	358.855734
874.757315	276.834458
874.931671	256.829268
875.106009	290.838090
875.280329	350.853659
875.454631	286.837052
875.628915	500.892579
875.803180	266.831863
875.977427	308.842761
876.151655	314.844318
876.325866	394.865075
876.500058	228.822003
876.674231	364.857291
876.848387	260.830306
877.022524	404.867670
877.196643	244.826155
877.370743	340.851064
877.544825	228.822003
877.718889	420.871821
877.892935	212.817852
878.066962	284.836533
878.240971	272.833420
878.414962	288.837571
878.588934	264.831344
878.762888	364.857291
878.936824	168.806435
879.110741	182.810067
879.284640	258.829787
879.458521	226.821484
879.632384	224.820965
879.806228	390.864037
879.980053	282.836015
880.153861	348.853140
880.327650	364.857291
880.501421	258.829787
880.675173	266.831863
880.848907	292.838609
881.022623	308.842761
881.196320	308.842761
881.370000	212.817852
881.543660	300.840685
881.717303	188.811624
881.890927	300.840685
882.064532	272.833420
882.238120	272.833420
882.411689	288.837571
882.585239	352.854177
882.758772	420.871821
882.932286	234.823560
883.105781	178.809030
883.279259	302.841204
883.452717	282.836015
883.626158	368.858329
883.799580	372.859367
883.972984	376.860405
884.146369	302.841204
884.319736	228.822003
884.493085	338.850545
884.666415	268.832382
884.839727	274.833939
885.013020	306.842242
885.186296	356.855215
885.359552	436.875973
885.532791	404.867670
885.706011	324.846912
885.879212	376.860405
886.052396	160.804359
886.225560	256.829268
886.398707	324.846912
886.571835	264.831344
886.744945	406.868189
886.918036	318.845355
887.091109	278.834977
887.264163	340.851064
887.437199	190.812143
887.610217	302.841204
887.783216	286.837052
887.956197	346.852621
888.129159	204.815776
888.302103	302.841204
888.475029	278.834977
888.647936	330.848469
888.820825	340.851064
888.993695	300.840685
889.166547	314.844318
889.339381	466.883757
889.512196	340.851064
889.684992	248.827193
889.857771	392.864556
890.030530	248.827193
890.203272	368.858329
890.375995	396.865594
890.548699	338.850545
890.721385	238.824598
890.894053	290.838090
891.066702	230.822522
891.239333	380.861443
891.411945	268.832382
891.584539	310.843280
891.757115	392.864556
891.929672	254.828749
892.102210	236.824079
892.274730	320.845874
892.447232	274.833939
892.619715	406.868189
892.792180	334.849507
892.964626	436.875973
893.137054	346.852621
893.309463	180.809549
893.481854	318.845355
893.654227	342.851583
893.826581	400.866632
893.998916	292.838609
894.171233	392.864556
894.343532	302.841204
894.515812	226.821484
894.688074	274.833939
894.860317	296.839647
895.032541	158.803840
895.204748	266.831863
895.376935	260.830306
895.549105	368.858329
895.721255	214.818371
895.893388	262.830825
896.065501	556.907109
896.237597	216.818889
896.409673	398.866113
896.581732	266.831863
896.753771	314.844318
896.925793	352.854177
897.097796	286.837052
897.269780	342.851583
897.441746	464.883238
897.613693	216.818889
897.785622	230.822522
897.957532	250.827711
898.129424	362.856772
898.301297	314.844318
898.473152	366.857810
898.644988	290.838090
898.816806	336.850026
898.988605	292.838609
899.160386	320.845874
899.332148	338.850545
899.503892	240.825117
899.675617	374.859886
899.847323	416.870784
900.019011	330.848469
900.190681	324.846912
900.362332	378.860924
900.533964	246.826674
900.705578	210.817333
900.877174	296.839647
901.048751	320.845874
901.220309	316.844837
901.391849	306.842242
901.563370	204.815776
901.734873	190.812143
901.906357	358.855734
902.077823	312.843799
902.249270	336.850026
902.420698	396.865594
902.592108	246.826674
902.763499	334.849507
902.934872	294.839128
903.106227	398.866113
903.277562	416.870784
903.448879	290.838090
903.620178	462.882719
903.791458	478.886871
903.962720	270.832901
904.133962	230.822522
904.305187	216.818889
904.476393	298.840166
904.647580	286.837052
904.818748	490.889984
904.989898	234.823560
905.161030	230.822522
905.332143	312.843799
905.503237	294.839128
905.674313	400.866632
905.845370	192.812662
906.016408	362.856772
906.187428	302.841204
906.358430	282.836015
906.529412	306.842242
906.700377	334.849507
906.871322	308.842761
907.042249	314.844318
907.213158	384.862481
907.384047	316.844837
907.554918	290.838090
907.725771	240.825117
907.896605	356.855215
908.067420	410.869227
908.238217	424.872859
908.408995	284.836533
908.579755	326.847431
908.750496	316.844837
908.921218	340.851064
909.091922	398.866113
909.262607	376.860405
909.433273	306.842242
909.603921	300.840685
909.774550	296.839647
909.945161	362.856772
910.115752	342.851583
910.286326	380.861443
910.456880	220.819927
910.627416	394.865075
910.797934	396.865594
910.968433	362.856772
911.138913	196.813700
911.309374	284.836533
911.479817	380.861443
911.650241	220.819927
911.820647	228.822003
911.991033	300.840685
912.161402	364.857291
912.331751	208.816814
912.502082	288.837571
912.672395	356.855215
912.842688	372.859367
913.012963	256.829268
913.183219	378.860924
913.353457	294.839128
913.523676	300.840685
913.693876	220.819927
913.864058	318.845355
914.034221	376.860405
914.204365	282.836015
914.374491	328.847950
914.544598	364.857291
914.714686	330.848469
914.884756	266.831863
915.054807	300.840685
915.224839	346.852621
915.394853	428.873897
915.564847	388.863518
915.734824	252.828230
915.904781	292.838609
916.074720	200.814738
916.244640	408.868708
916.414542	372.859367
916.584424	264.831344
916.754288	348.853140
916.924134	386.862999
917.093960	294.839128
917.263768	360.856253
917.433558	354.854696
917.603328	340.851064
917.773080	288.837571
917.942813	362.856772
918.112527	282.836015
918.282223	264.831344
918.451900	236.824079
918.621558	326.847431
918.791198	300.840685
918.960819	356.855215
919.130421	386.862999
919.300004	236.824079
919.469569	322.846393
919.639115	348.853140
919.808642	368.858329
919.978151	312.843799
920.147641	212.817852
920.317112	308.842761
920.486564	296.839647
920.655997	338.850545
920.825412	290.838090
920.994808	272.833420
921.164186	268.832382
921.333544	358.855734
921.502884	244.826155
921.672205	260.830306
921.841508	250.827711
922.010791	252.828230
922.180056	354.854696
922.349302	344.852102
922.518530	144.800208
922.687738	380.861443
922.856928	376.860405
923.026099	428.873897
923.195252	338.850545
923.364385	218.819408
923.533500	336.850026
923.702596	214.818371
923.871673	348.853140
924.040732	456.881162
924.209771	372.859367
924.378792	274.833939
924.547795	330.848469
924.716778	372.859367
924.885743	322.846393
925.054688	248.827193
925.223615	280.835496
925.392524	380.861443
925.561413	320.845874
925.730284	308.842761
925.899136	250.827711
926.067969	342.851583
926.236783	256.829268
926.405579	346.852621
926.574356	380.861443
926.743114	264.831344
926.911853	258.829787
927.080573	350.853659
927.249275	152.802283
927.417957	472.885314
927.586621	386.862999
927.755266	308.842761
927.923893	390.864037
928.092500	218.819408
928.261089	254.828749
928.429659	292.838609
928.598210	260.830306
928.766742	174.807992
928.935256	336.850026
929.103750	466.883757
929.272226	284.836533
929.440683	256.829268
929.609121	410.869227
929.777540	290.838090
929.945941	368.858329
930.114322	324.846912
930.282685	390.864037
930.451029	316.844837
930.619354	364.857291
930.787661	342.851583
930.955948	356.855215
931.124217	262.830825
931.292466	264.831344
931.460697	400.866632
931.628909	410.869227
931.797103	340.851064
931.965277	278.834977
932.133433	510.895174
932.301569	330.848469
932.469687	476.886352
932.637786	208.816814
932.805866	346.852621
932.973927	278.834977
933.141970	252.828230
933.309993	148.801245
933.477998	266.831863
933.645984	308.842761
933.813951	186.811105
933.981899	328.847950
934.149828	392.864556
934.317738	332.848988
934.485629	308.842761
934.653502	212.817852
934.821356	358.855734
934.989190	242.825636
935.157006	376.860405
935.324803	344.852102
935.492581	360.856253
935.660341	378.860924
935.828081	280.835496
935.995802	282.836015
936.163505	182.810067
936.331189	322.846393
936.498853	292.838609
936.666499	374.859886
936.834126	312.843799
937.001734	354.854696
937.169323	368.858329
937.336894	268.832382
937.504445	330.848469
937.671977	414.870265
937.839491	224.820965
938.006985	370.858848
938.174461	432.874935
938.341918	296.839647
938.509356	302.841204
938.676775	250.827711
938.844175	312.843799
939.011556	266.831863
939.178918	358.855734
939.346261	374.859886
939.513586	332.848988
939.680891	470.884795
939.848177	456.881162
940.015445	270.832901
940.182693	410.869227
940.349923	316.844837
940.517134	310.843280
940.684326	322.846393
940.851498	266.831863
941.018652	328.847950
941.185787	300.840685
941.352903	274.833939
941.520000	344.852102
941.687078	404.867670
941.854137	346.852621
942.021178	260.830306
942.188199	272.833420
942.355201	390.864037
942.522184	340.851064
942.689149	304.841723
942.856094	288.837571
943.023021	410.869227
943.189928	354.854696
943.356817	268.832382
943.523686	242.825636
943.690537	542.903477
943.857368	232.823041
944.024181	328.847950
944.190974	244.826155
944.357749	284.836533
944.524505	258.829787
944.691241	258.829787
944.857959	282.836015
945.024658	260.830306
945.191338	268.832382
945.357998	356.855215
945.524640	876.990140
945.691263	392.864556
945.857867	264.831344
946.024451	320.845874
946.191017	252.828230
946.357564	228.822003
946.524092	250.827711
946.690601	402.867151
946.857090	382.861962
947.023561	296.839647
947.190013	276.834458
947.356446	304.841723
947.522859	400.866632
947.689254	254.828749
947.855630	254.828749
948.021986	232.823041
948.188324	270.832901
948.354643	762.960560
948.520942	250.827711
948.687223	218.819408
948.853485	458.881681
949.019727	306.842242
949.185951	332.848988
949.352155	304.841723
949.518341	416.870784
949.684507	312.843799
949.850655	256.829268
950.016783	360.856253
950.182892	334.849507
950.348983	186.811105
950.515054	302.841204
950.681106	366.857810
950.847139	250.827711
951.013153	250.827711
951.179148	284.836533
951.345124	310.843280
951.511081	274.833939
951.677019	332.848988
951.842938	348.853140
952.008838	240.825117
952.174719	286.837052
952.340580	304.841723
952.506423	300.840685
952.672247	356.855215
952.838051	378.860924
953.003837	358.855734
953.169603	390.864037
953.335350	336.850026
953.501078	292.838609
953.666788	244.826155
953.832478	266.831863
953.998149	366.857810
954.163800	426.873378
954.329433	316.844837
954.495047	348.853140
954.660642	400.866632
954.826217	182.810067
954.991774	424.872859
955.157311	428.873897
955.322829	244.826155
955.488329	310.843280
955.653809	318.845355
955.819270	286.837052
955.984712	240.825117
956.150134	304.841723
956.315538	262.830825
956.480923	302.841204
956.646288	310.843280
956.811635	366.857810
956.976962	334.849507
957.142270	390.864037
957.307559	366.857810
957.472829	294.839128
957.638080	238.824598
957.803312	330.848469
957.968524	234.823560
958.133718	294.839128
958.298892	246.826674
958.464047	342.851583
958.629184	416.870784
958.794301	328.847950
958.959398	182.810067
959.124477	266.831863
959.289537	222.820446
959.454577	326.847431
959.619598	386.862999
959.784601	202.815257
959.949584	276.834458
960.114548	338.850545
960.279492	402.867151
960.444418	292.838609
960.609324	324.846912
960.774212	316.844837
960.939080	380.861443
961.103929	300.840685
961.268759	468.884276
961.433569	408.868708
961.598361	272.833420
961.763133	268.832382
961.927887	448.879087
962.092621	272.833420
962.257336	274.833939
962.422031	266.831863
962.586708	244.826155
962.751365	462.882719
962.916004	498.892060
963.080623	260.830306
963.245222	332.848988
963.409803	480.887390
963.574365	222.820446
963.738907	260.830306
963.903430	308.842761
964.067934	244.826155
964.232419	210.817333
964.396885	306.842242
964.561331	140.799170
964.725758	212.817852
964.890166	332.848988
965.054555	320.845874
965.218925	216.818889
965.383275	660.934094
965.547607	268.832382
965.711919	316.844837
965.876212	402.867151
966.040485	270.832901
966.204740	312.843799
966.368975	400.866632
966.533191	180.809549
966.697388	412.869746
966.861565	414.870265
967.025724	254.828749
967.189863	302.841204
967.353983	292.838609
967.518084	320.845874
967.682165	462.882719
967.846228	282.836015
968.010271	354.854696
968.174294	292.838609
968.338299	322.846393
968.502285	290.838090
968.666251	176.808511
968.830198	384.862481
968.994125	404.867670
969.158034	352.854177
969.321923	272.833420
969.485793	314.844318
969.649644	366.857810
969.813475	368.858329
969.977288	278.834977
970.141081	310.843280
970.304854	368.858329
970.468609	394.865075
970.632344	262.830825
970.796060	382.861962
970.959757	334.849507
971.123434	266.831863
971.287093	364.857291
971.450732	330.848469
971.614351	238.824598
971.777952	430.874416
971.941533	292.838609
972.105095	268.832382
972.268638	280.835496
972.432161	350.853659
972.595665	218.819408
972.759150	244.826155
972.922616	244.826155
973.086062	338.850545
973.249489	218.819408
973.412897	324.846912
973.576285	304.841723
973.739654	364.857291
973.903004	204.815776
974.066335	376.860405
974.229646	276.834458
974.392938	234.823560
974.556211	368.858329
974.719464	320.845874
974.882698	254.828749
975.045913	272.833420
975.209109	304.841723
975.372285	278.834977
975.535442	258.829787
975.698579	254.828749
975.861698	346.852621
976.024797	326.847431
976.187876	338.850545
976.350937	368.858329
976.513978	326.847431
976.677000	260.830306
976.840002	330.848469
977.002985	332.848988
977.165949	318.845355
977.328894	210.817333
977.491819	252.828230
977.654725	252.828230
977.817611	348.853140
977.980478	290.838090
978.143326	324.846912
978.306155	376.860405
978.468964	176.808511
978.631754	388.863518
978.794524	236.824079
978.957275	260.830306
979.120007	278.834977
979.282720	410.869227
979.445413	408.868708
979.608086	360.856253
979.770741	360.856253
979.933376	302.841204
980.095992	428.873897
980.258588	418.871303
980.421165	182.810067
980.583723	238.824598
980.746261	366.857810
980.908780	292.838609
981.071280	180.809549
981.233760	398.866113
981.396221	322.846393
981.558662	338.850545
981.721084	356.855215
981.883487	328.847950
982.045871	286.837052
982.208235	356.855215
982.370579	112.791905
982.532905	328.847950
982.695210	198.814219
982.857497	282.836015
983.019764	272.833420
983.182012	322.846393
983.344240	286.837052
983.506449	258.829787
983.668639	320.845874
983.830809	270.832901
983.992960	348.853140
984.155091	358.855734
984.317203	400.866632
984.479296	286.837052
984.641369	302.841204
984.803423	276.834458
984.965457	274.833939
985.127472	258.829787
985.289468	390.864037
985.451444	246.826674
985.613401	288.837571
985.775338	276.834458
985.937256	236.824079
986.099155	242.825636
986.261034	374.859886
986.422893	326.847431
986.584734	284.836533
986.746555	168.806435
986.908356	272.833420
987.070138	398.866113
987.231901	438.876492
987.393644	276.834458
987.555367	354.854696
987.717072	450.879606
987.878757	282.836015
988.040422	342.851583
988.202068	148.801245
988.363695	304.841723
988.525302	248.827193
988.686889	288.837571
988.848458	310.843280
989.010006	232.823041
989.171536	222.820446
989.333046	406.868189
989.494536	118.793461
989.656007	262.830825
989.817458	190.812143
989.978891	254.828749
990.140303	322.846393
990.301696	338.850545
990.463070	402.867151
990.624424	230.822522
990.785759	330.848469
990.947074	368.858329
991.108370	384.862481
991.269646	360.856253
991.430903	466.883757
991.592141	424.872859
991.753359	346.852621
991.914557	366.857810
992.075736	290.838090
992.236896	248.827193
992.398036	378.860924
992.559156	388.863518
992.720257	338.850545
992.881339	436.875973
993.042401	378.860924
993.203443	332.848988
993.364466	284.836533
993.525470	268.832382
993.686454	288.837571
993.847419	304.841723
994.008364	400.866632
994.169289	320.845874
994.330196	348.853140
994.491082	302.841204
994.651949	322.846393
994.812797	166.805916
994.973625	262.830825
995.134433	276.834458
995.295223	334.849507
995.455992	304.841723
995.616742	198.814219
995.777473	350.853659
995.938184	328.847950
996.098875	394.865075
996.259547	294.839128
996.420199	242.825636
996.580832	362.856772
996.741446	266.831863
996.902039	164.805397
997.062614	418.871303
997.223168	328.847950
997.383704	544.903996
997.544219	360.856253
997.704716	284.836533
997.865192	280.835496
998.025649	378.860924
998.186087	230.822522
998.346505	326.847431
998.506903	268.832382
998.667282	346.852621
998.827641	332.848988
998.987981	282.836015
999.148301	350.853659
999.308602	436.875973
999.468883	332.848988
999.629145	296.839647
999.789387	380.861443
999.949609	374.859886
1000.109812	308.842761
1000.269995	232.823041
1000.430159	394.865075
1000.590303	316.844837
1000.750428	390.864037
1000.910533	320.845874
1001.070618	246.826674
1001.230684	448.879087
1001.390730	284.836533
1001.550757	398.866113
1001.710764	278.834977
1001.870752	410.869227
1002.030720	306.842242
1002.190668	232.823041
1002.350597	374.859886
1002.510506	330.848469
1002.670395	328.847950
1002.830265	228.822003
1002.990116	290.838090
1003.149947	242.825636
1003.309758	324.846912
1003.469550	286.837052
1003.629322	280.835496
1003.789074	376.860405
1003.948807	224.820965
1004.108520	284.836533
1004.268213	298.840166
1004.427887	302.841204
1004.587542	358.855734
1004.747177	234.823560
1004.906792	384.862481
1005.066387	404.867670
1005.225963	266.831863
1005.385519	338.850545
1005.545056	288.837571
1005.704573	234.823560
1005.864070	280.835496
1006.023548	284.836533
1006.183006	300.840685
1006.342445	358.855734
1006.501864	220.819927
1006.661263	502.893098
1006.820642	316.844837
1006.980002	272.833420
1007.139343	286.837052
1007.298663	296.839647
1007.457964	426.873378
1007.617246	304.841723
1007.776508	414.870265
1007.935750	426.873378
1008.094972	174.807992
1008.254175	244.826155
1008.413358	346.852621
1008.572522	326.847431
1008.731665	308.842761
1008.890790	126.795537
1009.049894	344.852102
1009.208979	340.851064
1009.368044	222.820446
1009.527090	344.852102
1009.686115	402.867151
1009.845122	290.838090
1010.004108	372.859367
1010.163075	382.861962
1010.322022	398.866113
1010.480950	320.845874
1010.639857	308.842761
1010.798745	336.850026
1010.957614	374.859886
1011.116463	282.836015
1011.275292	474.885833
1011.434101	356.855215
1011.592891	282.836015
1011.751661	286.837052
1011.910411	364.857291
1012.069142	284.836533
1012.227853	364.857291
1012.386544	272.833420
1012.545215	282.836015
1012.703867	388.863518
1012.862499	452.880125
1013.021112	340.851064
1013.179705	314.844318
1013.338278	320.845874
1013.496831	312.843799
1013.655364	352.854177
1013.813878	392.864556
1013.972372	312.843799
1014.130847	246.826674
1014.289302	362.856772
1014.447737	386.862999
1014.606152	330.848469
1014.764547	262.830825
1014.922923	334.849507
1015.081279	284.836533
1015.239616	336.850026
1015.397932	444.878049
1015.556229	418.871303
1015.714507	222.820446
1015.872764	472.885314
1016.031002	562.908666
1016.189220	220.819927
1016.347418	152.802283
1016.505597	274.833939
1016.663755	306.842242
1016.821894	424.872859
1016.980014	240.825117
1017.138113	246.826674
1017.296193	252.828230
1017.454253	316.844837
1017.612293	362.856772
1017.770314	270.832901
1017.928314	206.816295
1018.086295	360.856253
1018.244257	400.866632
1018.402198	336.850026
1018.560120	306.842242
1018.718022	394.865075
1018.875904	398.866113
1019.033766	154.802802
1019.191609	346.852621
1019.349432	448.879087
1019.507235	340.851064
1019.665018	390.864037
1019.822782	332.848988
1019.980525	388.863518
1020.138249	402.867151
1020.295954	212.817852
1020.453638	390.864037
1020.611303	248.827193
1020.768947	264.831344
1020.926573	272.833420
1021.084178	280.835496
1021.241763	318.845355
1021.399329	406.868189
1021.556875	446.878568
1021.714401	266.831863
1021.871907	338.850545
1022.029394	334.849507
1022.186860	406.868189
1022.344307	394.865075
1022.501734	260.830306
1022.659141	300.840685
1022.816529	394.865075
1022.973896	178.809030
1023.131244	224.820965
1023.288572	280.835496
1023.445880	244.826155
1023.603169	424.872859
1023.760437	300.840685
1023.917686	406.868189
1024.074915	334.849507
1024.232124	568.910223
1024.389313	306.842242
1024.546482	452.880125
1024.703632	338.850545
1024.860762	426.873378
1025.017872	298.840166
1025.174962	352.854177
1025.332032	392.864556
1025.489082	420.871821
1025.646113	512.895693
1025.803124	300.840685
1025.960114	374.859886
1026.117085	318.845355
1026.274037	332.848988
1026.430968	306.842242
1026.587879	224.820965
1026.744771	318.845355
1026.901643	298.840166
1027.058495	412.869746
1027.215327	320.845874
1027.372139	206.816295
1027.528931	314.844318
1027.685704	280.835496
1027.842456	248.827193
1027.999189	294.839128
1028.155902	254.828749
1028.312595	300.840685
1028.469268	242.825636
1028.625921	310.843280
1028.782554	334.849507
1028.939168	546.904515
1029.095761	284.836533
1029.252335	272.833420
1029.408889	142.799689
1029.565423	402.867151
1029.721937	372.859367
1029.878431	200.814738
1030.034905	154.802802
1030.191360	198.814219
1030.347794	308.842761
1030.504209	440.877011
1030.660604	370.858848
1030.816978	352.854177
1030.973333	362.856772
1031.129668	340.851064
1031.285984	386.862999
1031.442279	328.847950
1031.598554	210.817333
1031.754809	296.839647
1031.911045	288.837571
1032.067260	292.838609
1032.223456	390.864037
1032.379632	372.859367
1032.535788	270.832901
1032.691924	410.869227
1032.848040	410.869227
