344.945680	-61.253243
345.162997	-61.253243
345.380301	-61.253243
345.597591	-95.262065
345.814867	-123.269331
346.032129	-19.242346
346.249378	-85.259471
346.466613	-35.246497
346.683835	-37.247016
346.901043	-43.248573
347.118237	-51.250649
347.335418	-119.268293
347.552585	-59.252724
347.769738	-51.250649
347.986878	-59.252724
348.204003	-75.256876
348.421116	-105.264660
348.638214	-43.248573
348.855299	-43.248573
349.072370	-31.245459
349.289428	-83.258952
349.506472	-37.247016
349.723502	-87.259990
349.940518	-111.266217
350.157521	-117.267774
350.374510	-71.255838
350.591485	-119.268293
350.808447	-77.257395
351.025395	-137.272963
351.242329	-43.248573
351.459250	-37.247016
351.676157	-101.263622
351.893050	-139.273482
352.109930	-105.264660
352.326795	-115.267255
352.543647	-83.258952
352.760486	-71.255838
352.977310	-59.252724
353.194121	-153.277115
353.410919	-51.250649
353.627702	-147.275558
353.844472	-77.257395
354.061228	-123.269331
354.277970	-125.269850
354.494699	-99.263103
354.711414	-87.259990
354.928115	-107.265179
355.144802	-51.250649
355.361476	-27.244421
355.578136	-51.250649
355.794782	-61.253243
356.011415	-79.257914
356.228034	-43.248573
356.444639	-71.255838
356.661230	-19.242346
356.877808	-63.253762
357.094371	-93.261546
357.310921	-91.261028
357.527458	-77.257395
357.743980	-91.261028
357.960489	-89.260509
358.176984	-79.257914
358.393465	-123.269331
358.609933	-23.243383
358.826387	-27.244421
359.042827	-133.271925
359.259253	-45.249092
359.475666	-159.278672
359.692064	-117.267774
359.908449	-35.246497
360.124821	-71.255838
360.341178	-27.244421
360.557522	-133.271925
360.773852	-71.255838
360.990168	-107.265179
361.206470	-129.270887
361.422759	-127.270368
361.639033	-95.262065
361.855294	-97.262584
362.071542	-51.250649
362.287775	-121.268812
362.503995	-93.261546
362.720201	-81.258433
362.936393	-81.258433
363.152571	-115.267255
363.368735	-101.263622
363.584886	-39.247535
363.801023	-37.247016
364.017146	-49.250130
364.233255	-119.268293
364.449351	-27.244421
364.665433	-29.244940
364.881500	-99.263103
365.097554	-117.267774
365.313595	-21.242865
365.529621	-115.267255
365.745634	-75.256876
365.961633	-71.255838
366.177618	-99.263103
366.393589	-103.264141
366.609546	-35.246497
366.825490	-103.264141
367.041419	-93.261546
367.257335	-111.266217
367.473237	-73.256357
367.689126	-75.256876
367.905000	-125.269850
368.120861	-63.253762
368.336707	-37.247016
368.552540	-53.251168
368.768359	-55.251687
368.984165	-51.250649
369.199956	-53.251168
369.415734	-135.272444
369.631497	-71.255838
369.847247	-37.247016
370.062983	-51.250649
370.278705	-75.256876
370.494414	-93.261546
370.710108	-73.256357
370.925789	-115.267255
371.141456	-47.249611
371.357108	-79.257914
371.572747	-63.253762
371.788373	-9.239751
372.003984	-95.262065
372.219581	-85.259471
372.435165	-141.274001
372.650735	-65.254281
372.866291	-53.251168
373.081833	-53.251168
373.297361	-155.277634
373.512875	-83.258952
373.728375	-45.249092
373.943862	-51.250649
374.159334	-43.248573
374.374793	-39.247535
374.590238	-99.263103
374.805669	-15.241308
375.021086	-87.259990
375.236489	-51.250649
375.451878	-33.245978
375.667254	-59.252724
375.882615	-17.241827
376.097963	-93.261546
376.313296	-55.251687
376.528616	-61.253243
376.743922	-27.244421
376.959214	-49.250130
377.174492	-79.257914
377.389756	-53.251168
377.605007	-91.261028
377.820243	-171.281785
378.035466	-193.287494
378.250674	-53.251168
378.465869	-147.275558
378.681050	-91.261028
378.896216	-3.238194
379.111369	-1.237675
379.326508	-107.265179
379.541633	-47.249611
379.756744	-83.258952
379.971841	-59.252724
380.186925	-101.263622
380.401994	-79.257914
380.617049	-73.256357
380.832091	-111.266217
381.047118	-135.272444
381.262132	-15.241308
381.477132	-53.251168
381.692117	-77.257395
381.907089	-121.268812
382.122047	-109.265698
382.336991	-89.260509
382.551921	-71.255838
382.766837	-79.257914
382.981739	-61.253243
383.196627	-179.283861
383.411501	-145.275039
383.626361	2.763363
383.841207	-17.241827
384.056040	-83.258952
384.270858	-87.259990
384.485662	-33.245978
384.700453	-91.261028
384.915229	-113.266736
385.129992	-79.257914
385.344740	-177.283342
385.559475	-129.270887
385.774195	-131.271406
385.988902	42.773742
386.203594	-97.262584
386.418273	-129.270887
386.632937	-69.255319
386.847588	-123.269331
387.062225	-87.259990
387.276847	-141.274001
387.491456	-113.266736
387.706051	-87.259990
387.920631	-119.268293
388.135198	-69.255319
388.349751	-67.254800
388.564290	-185.285418
388.778814	6.764401
388.993325	-41.248054
389.207822	-131.271406
389.422305	-83.258952
389.636773	-101.263622
389.851228	-77.257395
390.065669	-145.275039
390.280095	-99.263103
390.494508	-95.262065
390.708907	-7.239232
390.923291	-11.240270
391.137662	-73.256357
391.352019	-99.263103
391.566361	-105.264660
391.780690	-53.251168
391.995004	-83.258952
392.209305	-97.262584
392.423592	-27.244421
392.637864	-89.260509
392.852122	-55.251687
393.066367	-71.255838
393.280597	-109.265698
393.494814	-95.262065
393.709016	-17.241827
393.923204	-89.260509
394.137379	-65.254281
394.351539	-111.266217
394.565685	-85.259471
394.779817	-113.266736
394.993935	-93.261546
395.208039	-65.254281
395.422129	-181.284380
395.636205	-107.265179
395.850267	-61.253243
396.064315	-39.247535
396.278348	-65.254281
396.492368	-95.262065
396.706374	-107.265179
396.920365	-139.273482
397.134343	-141.274001
397.348306	-73.256357
397.562256	-61.253243
397.776191	0.762844
397.990112	-55.251687
398.204019	-35.246497
398.417912	-37.247016
398.631791	-103.264141
398.845656	-109.265698
399.059507	-69.255319
399.273344	-103.264141
399.487167	-131.271406
399.700975	-65.254281
399.914770	-119.268293
400.128550	-63.253762
400.342317	-85.259471
400.556069	-79.257914
400.769807	-33.245978
400.983531	-73.256357
401.197241	-81.258433
401.410937	-87.259990
401.624619	-121.268812
401.838286	62.778931
402.051940	-49.250130
402.265579	-37.247016
402.479205	-97.262584
402.692816	-53.251168
402.906413	-157.278153
403.119996	-193.287494
403.333565	-3.238194
403.547120	-29.244940
403.760660	-83.258952
403.974187	-19.242346
404.187699	-53.251168
404.401198	-47.249611
404.614682	-83.258952
404.828152	-119.268293
405.041608	-7.239232
405.255050	-91.261028
405.468477	-61.253243
405.681891	-55.251687
405.895290	-45.249092
406.108676	-93.261546
406.322047	-43.248573
406.535404	-91.261028
406.748747	-141.274001
406.962075	-111.266217
407.175390	-139.273482
407.388690	-31.245459
407.601976	-115.267255
407.815249	-35.246497
408.028507	-69.255319
408.241750	-91.261028
408.454980	-105.264660
408.668196	-83.258952
408.881397	-35.246497
409.094584	-31.245459
409.307757	-59.252724
409.520916	-73.256357
409.734061	-75.256876
409.947191	-91.261028
410.160307	-73.256357
410.373410	-59.252724
410.586498	-61.253243
410.799572	-19.242346
411.012631	-191.286975
411.225677	-45.249092
411.438708	-131.271406
411.651725	-39.247535
411.864728	-35.246497
412.077717	-57.252206
412.290691	-95.262065
412.503652	-67.254800
412.716598	-89.260509
412.929530	-171.281785
413.142448	-33.245978
413.355351	-77.257395
413.568241	-67.254800
413.781116	-101.263622
413.993977	-91.261028
414.206824	-89.260509
414.419656	-111.266217
414.632475	-59.252724
414.845279	-67.254800
415.058069	-91.261028
415.270845	-101.263622
415.483606	-17.241827
415.696354	-143.274520
415.909087	-91.261028
416.121806	-83.258952
416.334511	-147.275558
416.547201	-133.271925
416.759877	-81.258433
416.972539	-107.265179
417.185187	36.772185
417.397821	-131.271406
417.610440	-95.262065
417.823045	-89.260509
418.035636	8.764920
418.248213	-99.263103
418.460775	-135.272444
418.673323	-69.255319
418.885857	-41.248054
419.098377	-89.260509
419.310883	-83.258952
419.523374	-97.262584
419.735851	-31.245459
419.948313	-93.261546
420.160762	-65.254281
420.373196	-31.245459
420.585616	-53.251168
420.798022	-113.266736
421.010413	-39.247535
421.222791	-93.261546
421.435153	-153.277115
421.647502	-139.273482
421.859837	-61.253243
422.072157	-65.254281
422.284463	-55.251687
422.496754	-73.256357
422.709032	-23.243383
422.921295	-103.264141
423.133543	-93.261546
423.345778	-65.254281
423.557998	-41.248054
423.770204	-117.267774
423.982396	-37.247016
424.194573	-91.261028
424.406736	-93.261546
424.618885	-77.257395
424.831020	-59.252724
425.043140	-67.254800
425.255246	-35.246497
425.467338	-139.273482
425.679415	-75.256876
425.891478	-99.263103
426.103527	-91.261028
426.315561	-103.264141
426.527582	-91.261028
426.739588	-131.271406
426.951579	-39.247535
427.163556	-103.264141
427.375519	-165.280228
427.587468	-59.252724
427.799402	-55.251687
428.011322	-69.255319
428.223228	-53.251168
428.435119	-107.265179
428.646997	-47.249611
428.858859	-105.264660
429.070708	-75.256876
429.282542	-91.261028
429.494362	-19.242346
429.706167	-53.251168
429.917958	-117.267774
430.129735	-139.273482
430.341497	-75.256876
430.553246	-51.250649
430.764979	-123.269331
430.976699	-79.257914
431.188404	-51.250649
431.400095	-59.252724
431.611771	-59.252724
431.823433	-63.253762
432.035081	-37.247016
432.246714	-95.262065
432.458334	-75.256876
432.669938	-43.248573
432.881529	-53.251168
433.093105	-55.251687
433.304666	-33.245978
433.516213	-71.255838
433.727746	-83.258952
433.939265	-47.249611
434.150769	-73.256357
434.362259	-37.247016
434.573734	-45.249092
434.785196	-19.242346
434.996642	2.763363
435.208075	-69.255319
435.419493	60.778412
435.630896	40.773223
435.842285	-59.252724
436.053660	-3.238194
436.265021	-7.239232
436.476367	-71.255838
436.687699	-21.242865
436.899016	-71.255838
437.110319	-55.251687
437.321607	-165.280228
437.532881	-121.268812
437.744141	-135.272444
437.955387	-57.252206
438.166618	-105.264660
438.377834	-63.253762
438.589036	-125.269850
438.800224	-29.244940
439.011397	-125.269850
439.222556	-81.258433
439.433701	-97.262584
439.644831	-67.254800
439.855947	-59.252724
440.067048	-67.254800
440.278135	-97.262584
440.489208	-53.251168
440.700266	-123.269331
440.911309	-83.258952
441.122339	-55.251687
441.333353	-13.240789
441.544354	-91.261028
441.755340	-51.250649
441.966311	-123.269331
442.177268	-45.249092
442.388211	-107.265179
442.599139	-63.253762
442.810053	-83.258952
443.020953	-19.242346
443.231837	-63.253762
443.442708	-31.245459
443.653564	-81.258433
443.864406	-151.276596
444.075233	-95.262065
444.286046	-53.251168
444.496844	14.766476
444.707628	-89.260509
444.918397	-73.256357
445.129152	-21.242865
445.339893	-83.258952
445.550619	-97.262584
445.761330	14.766476
445.972027	-109.265698
446.182710	-83.258952
446.393378	-71.255838
446.604032	-117.267774
446.814671	-117.267774
447.025296	-91.261028
447.235906	-143.274520
447.446502	-29.244940
447.657083	-35.246497
447.867650	-27.244421
448.078203	-63.253762
448.288741	-105.264660
448.499264	-91.261028
448.709773	-75.256876
448.920268	-87.259990
449.130748	-37.247016
449.341213	-37.247016
449.551664	-111.266217
449.762101	-103.264141
449.972523	-57.252206
450.182930	-35.246497
450.393323	-71.255838
450.603702	-21.242865
450.814066	-41.248054
451.024415	-101.263622
451.234751	-83.258952
451.445071	-77.257395
451.655377	-31.245459
451.865669	-41.248054
452.075946	-67.254800
452.286208	-83.258952
452.496456	0.762844
452.706690	-105.264660
452.916909	-89.260509
453.127113	-43.248573
453.337303	-79.257914
453.547479	-85.259471
453.757639	-181.284380
453.967786	-109.265698
454.177918	-35.246497
454.388035	-41.248054
454.598138	-55.251687
454.808226	-87.259990
455.018300	-107.265179
455.228359	-119.268293
455.438404	-89.260509
455.648434	-81.258433
455.858449	-69.255319
456.068450	-95.262065
456.278437	-25.243902
456.488409	-113.266736
456.698366	-101.263622
456.908309	-63.253762
457.118237	-117.267774
457.328151	-17.241827
457.538050	-137.272963
457.747935	-39.247535
457.957805	-149.276077
458.167660	-71.255838
458.377501	-133.271925
458.587328	-57.252206
458.797140	-37.247016
459.006937	-47.249611
459.216719	-129.270887
459.426488	-111.266217
459.636241	-81.258433
459.845980	-107.265179
460.055704	-93.261546
460.265414	-89.260509
460.475110	-65.254281
460.684790	-37.247016
460.894456	-123.269331
461.104108	-15.241308
461.313745	-49.250130
461.523367	-85.259471
461.732975	-103.264141
461.942568	-47.249611
462.152147	-77.257395
462.361710	-89.260509
462.571260	-15.241308
462.780795	-173.282304
462.990315	-73.256357
463.199820	-55.251687
463.409311	-121.268812
463.618788	-9.239751
463.828249	-139.273482
464.037697	-65.254281
464.247129	-61.253243
464.456547	-9.239751
464.665950	-137.272963
464.875339	-83.258952
465.084713	-73.256357
465.294073	-83.258952
465.503418	-129.270887
465.712748	-101.263622
465.922063	-87.259990
466.131364	-45.249092
466.340651	-83.258952
466.549922	-45.249092
466.759180	-131.271406
466.968422	-61.253243
467.177650	-131.271406
467.386863	-115.267255
467.596062	-35.246497
467.805246	-147.275558
468.014415	-63.253762
468.223569	-27.244421
468.432709	-47.249611
468.641835	-27.244421
468.850945	-47.249611
469.060042	-73.256357
469.269123	-115.267255
469.478190	-93.261546
469.687242	-3.238194
469.896279	-89.260509
470.105302	-57.252206
470.314310	-71.255838
470.523304	-111.266217
470.732282	-63.253762
470.941247	-133.271925
471.150196	-81.258433
471.359131	-173.282304
471.568051	-53.251168
471.776956	-133.271925
471.985847	-43.248573
472.194723	-45.249092
472.403585	-59.252724
472.612432	-15.241308
472.821264	-147.275558
473.030081	-175.282823
473.238884	-159.278672
473.447672	-39.247535
473.656445	-53.251168
473.865204	-155.277634
474.073948	-81.258433
474.282677	-65.254281
474.491392	-57.252206
474.700092	-103.264141
474.908777	-79.257914
475.117447	-69.255319
475.326103	-61.253243
475.534744	-73.256357
475.743371	-61.253243
475.951982	-113.266736
476.160579	-107.265179
476.369161	-55.251687
476.577729	-69.255319
476.786282	-91.261028
476.994820	-53.251168
477.203343	-143.274520
477.411852	-117.267774
477.620346	-47.249611
477.828825	-75.256876
478.037290	-79.257914
478.245740	-161.279190
478.454175	-79.257914
478.662595	-157.278153
478.871001	-103.264141
479.079392	-121.268812
479.287768	-93.261546
479.496129	-125.269850
479.704476	-135.272444
479.912808	-33.245978
480.121125	-53.251168
480.329428	-83.258952
480.537715	-71.255838
480.745988	-17.241827
480.954247	-129.270887
481.162490	-119.268293
481.370719	-75.256876
481.578933	-57.252206
481.787132	-97.262584
481.995316	-77.257395
482.203486	-25.243902
482.411641	-151.276596
482.619781	-81.258433
482.827907	-141.274001
483.036017	-63.253762
483.244113	-89.260509
483.452194	-85.259471
483.660261	18.767514
483.868312	-67.254800
484.076349	-65.254281
484.284371	-117.267774
484.492379	-103.264141
484.700371	-27.244421
484.908349	-79.257914
485.116312	-37.247016
485.324260	-103.264141
485.532193	-89.260509
485.740112	-91.261028
485.948016	-49.250130
486.155905	-91.261028
486.363779	-13.240789
486.571638	-85.259471
486.779483	-51.250649
486.987313	-85.259471
487.195128	-111.266217
487.402928	-95.262065
487.610713	-35.246497
487.818484	-11.240270
488.026240	-147.275558
488.233981	-57.252206
488.441707	-73.256357
488.649419	-47.249611
488.857115	-43.248573
489.064797	-71.255838
489.272464	-49.250130
489.480116	-57.252206
489.687753	-41.248054
489.895376	-79.257914
490.102983	-101.263622
490.310576	-85.259471
490.518154	-69.255319
490.725718	-121.268812
490.933266	-125.269850
491.140799	-31.245459
491.348318	-99.263103
491.555822	-67.254800
491.763311	-81.258433
491.970785	-95.262065
492.178245	-61.253243
492.385689	-47.249611
492.593119	-63.253762
492.800534	-145.275039
493.007934	-41.248054
493.215319	-103.264141
493.422689	-145.275039
493.630044	-61.253243
493.837385	-53.251168
494.044711	-41.248054
494.252022	-69.255319
494.459318	-45.249092
494.666599	-31.245459
494.873865	-119.268293
495.081116	-97.262584
495.288353	-7.239232
495.495575	-115.267255
495.702782	-105.264660
495.909973	-57.252206
496.117151	-133.271925
496.324313	-45.249092
496.531460	-47.249611
496.738593	-133.271925
496.945710	-101.263622
497.152813	-3.238194
497.359901	-63.253762
497.566974	-37.247016
497.774032	-11.240270
497.981075	-91.261028
498.188103	16.766995
498.395116	-113.266736
498.602115	-107.265179
498.809098	-43.248573
499.016067	-131.271406
499.223021	-53.251168
499.429960	-97.262584
499.636884	-119.268293
499.843793	-83.258952
500.050687	-87.259990
500.257566	-59.252724
500.464431	-101.263622
500.671280	-5.238713
500.878115	-103.264141
501.084934	-133.271925
501.291739	-107.265179
501.498529	-43.248573
501.705304	-111.266217
501.912063	-129.270887
502.118809	-75.256876
502.325539	-19.242346
502.532254	-79.257914
502.738954	-81.258433
502.945639	-33.245978
503.152310	-51.250649
503.358965	-63.253762
503.565606	-41.248054
503.772231	-149.276077
503.978842	-33.245978
504.185438	-63.253762
504.392018	-93.261546
504.598584	-69.255319
504.805135	-71.255838
505.011671	-117.267774
505.218192	-57.252206
505.424698	-55.251687
505.631189	-131.271406
505.837665	-69.255319
506.044127	-63.253762
506.250573	-57.252206
506.457004	-57.252206
506.663420	-115.267255
506.869822	0.762844
507.076208	-101.263622
507.282579	-73.256357
507.488936	-17.241827
507.695277	-79.257914
507.901604	-117.267774
508.107915	-91.261028
508.314212	-109.265698
508.520494	-21.242865
508.726760	-69.255319
508.933012	-59.252724
509.139248	-135.272444
509.345470	-75.256876
509.551677	-51.250649
509.757869	-15.241308
509.964045	-99.263103
510.170207	-29.244940
510.376354	-95.262065
510.582485	-59.252724
510.788602	-169.281266
510.994704	-31.245459
511.200791	-95.262065
511.406862	-53.251168
511.612919	-111.266217
511.818961	-41.248054
512.024988	-61.253243
512.230999	-65.254281
512.436996	-63.253762
512.642978	-65.254281
512.848945	-153.277115
513.054896	-115.267255
513.260833	-85.259471
513.466755	-45.249092
513.672661	-49.250130
513.878553	-133.271925
514.084429	-107.265179
514.290291	-19.242346
514.496138	-91.261028
514.701969	-85.259471
514.907786	-147.275558
515.113587	-3.238194
515.319373	-7.239232
515.525145	-75.256876
515.730901	-79.257914
515.936642	-71.255838
516.142369	-83.258952
516.348080	-133.271925
516.553776	-115.267255
516.759457	-37.247016
516.965123	-61.253243
517.170775	-111.266217
517.376411	-75.256876
517.582032	-111.266217
517.787637	-63.253762
517.993228	-111.266217
518.198804	-73.256357
518.404365	-3.238194
518.609910	-69.255319
518.815441	-137.272963
519.020957	-37.247016
519.226457	-109.265698
519.431943	-91.261028
519.637413	-91.261028
519.842868	-105.264660
520.048308	-115.267255
520.253734	-111.266217
520.459144	-19.242346
520.664539	-43.248573
520.869919	-121.268812
521.075283	-95.262065
521.280633	-61.253243
521.485968	-43.248573
521.691287	-87.259990
521.896592	-21.242865
522.101881	-65.254281
522.307155	-99.263103
522.512415	-127.270368
522.717659	-93.261546
522.922888	-103.264141
523.128102	-113.266736
523.333301	-75.256876
523.538484	-61.253243
523.743653	-75.256876
523.948806	-89.260509
524.153945	-93.261546
524.359068	-127.270368
524.564176	-51.250649
524.769269	-119.268293
524.974347	-137.272963
525.179410	-107.265179
525.384458	-93.261546
525.589491	-135.272444
525.794508	-77.257395
525.999511	-145.275039
526.204498	-67.254800
526.409470	-91.261028
526.614427	-89.260509
526.819369	-87.259990
527.024296	-89.260509
527.229207	-119.268293
527.434104	-103.264141
527.638985	-117.267774
527.843851	-93.261546
528.048702	-113.266736
528.253538	-97.262584
528.458359	-121.268812
528.663165	-59.252724
528.867955	-103.264141
529.072730	-9.239751
529.277491	-137.272963
529.482236	-37.247016
529.686966	-99.263103
529.891680	-73.256357
530.096380	-149.276077
530.301064	-77.257395
530.505734	-71.255838
530.710388	-31.245459
530.915027	-101.263622
531.119650	-99.263103
531.324259	-143.274520
531.528852	-25.243902
531.733431	-93.261546
531.937994	-43.248573
532.142542	-95.262065
532.347075	-89.260509
532.551592	-117.267774
532.756094	-95.262065
532.960582	24.769071
533.165054	-49.250130
533.369511	-85.259471
533.573952	-59.252724
533.778379	-81.258433
533.982790	-73.256357
534.187186	-113.266736
534.391567	-99.263103
534.595933	-59.252724
534.800283	-77.257395
535.004619	-13.240789
535.208939	-73.256357
535.413244	-83.258952
535.617533	-135.272444
535.821808	-51.250649
536.026067	-95.262065
536.230311	-21.242865
536.434540	-135.272444
536.638754	-133.271925
536.842952	-31.245459
537.047136	-93.261546
537.251304	-75.256876
537.455456	-109.265698
537.659594	-39.247535
537.863716	-73.256357
538.067823	-63.253762
538.271915	-35.246497
538.475992	24.769071
538.680054	-73.256357
538.884100	-33.245978
539.088131	-89.260509
539.292147	-95.262065
539.496147	-37.247016
539.700132	-121.268812
539.904103	-101.263622
540.108057	-1.237675
540.311997	30.770628
540.515921	16.766995
540.719830	-33.245978
540.923724	8.764920
541.127603	-17.241827
541.331466	-25.243902
541.535314	-65.254281
541.739147	66.779969
541.942965	-9.239751
542.146767	22.768552
542.350554	6.764401
542.554326	-33.245978
542.758082	0.762844
542.961824	18.767514
543.165550	-13.240789
543.369260	-25.243902
543.572956	18.767514
543.776636	18.767514
543.980301	72.781526
544.183951	-19.242346
544.387585	-33.245978
544.591204	0.762844
544.794808	12.765957
544.998397	30.770628
545.201970	36.772185
545.405528	90.786196
545.609070	58.777893
545.812598	92.786715
546.016110	50.775817
546.219607	120.793980
546.423088	148.801245
546.626554	36.772185
546.830005	40.773223
547.033441	-11.240270
547.236861	74.782045
547.440266	16.766995
547.643656	8.764920
547.847031	2.763363
548.050390	-19.242346
548.253733	-35.246497
548.457062	-109.265698
548.660375	18.767514
548.863673	-55.251687
549.066955	-27.244421
549.270223	-91.261028
549.473475	-67.254800
549.676711	-47.249611
549.879932	-37.247016
550.083138	-39.247535
550.286329	-83.258952
550.489504	-83.258952
550.692664	-49.250130
550.895809	-27.244421
551.098938	-109.265698
551.302052	-51.250649
551.505151	-43.248573
551.708234	-21.242865
551.911302	-43.248573
552.114355	-31.245459
552.317392	-19.242346
552.520414	-39.247535
552.723420	-103.264141
552.926411	-67.254800
553.129387	-109.265698
553.332348	0.762844
553.535293	-117.267774
553.738223	-117.267774
553.941137	-103.264141
554.144036	-103.264141
554.346920	-165.280228
554.549788	-87.259990
554.752641	-63.253762
554.955479	2.763363
555.158301	-37.247016
555.361108	-51.250649
555.563900	-109.265698
555.766676	-105.264660
555.969437	-131.271406
556.172182	-83.258952
556.374912	-3.238194
556.577627	-31.245459
556.780326	-77.257395
556.983010	-87.259990
557.185678	-43.248573
557.388331	-59.252724
557.590969	-57.252206
557.793591	-115.267255
557.996198	-53.251168
558.198790	-67.254800
558.401366	-43.248573
558.603927	-113.266736
558.806472	-107.265179
559.009002	-163.279709
559.211517	-91.261028
559.414016	-115.267255
559.616499	-113.266736
559.818968	-71.255838
560.021421	-83.258952
560.223858	-143.274520
560.426280	-43.248573
560.628687	-77.257395
560.831078	-81.258433
561.033454	-167.280747
561.235815	-45.249092
561.438160	-39.247535
561.640489	-31.245459
561.842803	-77.257395
562.045102	-85.259471
562.247385	-123.269331
562.449653	-45.249092
562.651906	-89.260509
562.854143	-75.256876
563.056364	-127.270368
563.258570	-139.273482
563.460761	-163.279709
563.662936	-81.258433
563.865096	-51.250649
564.067241	-25.243902
564.269369	-119.268293
564.471483	-59.252724
564.673581	-141.274001
564.875664	-111.266217
565.077731	-37.247016
565.279782	-61.253243
565.481819	-7.239232
565.683839	-43.248573
565.885845	-85.259471
566.087835	-43.248573
566.289809	-107.265179
566.491768	-129.270887
566.693711	-79.257914
566.895639	-75.256876
567.097552	-39.247535
567.299449	-75.256876
567.501330	-73.256357
567.703197	-81.258433
567.905047	-131.271406
568.106882	-69.255319
568.308702	-91.261028
568.510506	-49.250130
568.712295	-69.255319
568.914068	-35.246497
569.115826	-79.257914
569.317568	-51.250649
569.519295	-101.263622
569.721006	-123.269331
569.922702	-83.258952
570.124382	-101.263622
570.326047	-75.256876
570.527696	-15.241308
570.729330	-99.263103
570.930948	-71.255838
571.132551	-167.280747
571.334138	-99.263103
571.535710	-85.259471
571.737266	-103.264141
571.938807	-81.258433
572.140332	-85.259471
572.341842	-115.267255
572.543336	-159.278672
572.744815	-121.268812
572.946278	-105.264660
573.147726	-27.244421
573.349158	-43.248573
573.550575	-125.269850
573.751976	-69.255319
573.953361	-149.276077
574.154731	-63.253762
574.356086	-131.271406
574.557425	-43.248573
574.758748	-43.248573
574.960056	-111.266217
575.161348	-69.255319
575.362625	-103.264141
575.563886	-99.263103
575.765132	-51.250649
575.966362	-57.252206
576.167577	-123.269331
576.368776	-25.243902
576.569959	-19.242346
576.771127	-71.255838
576.972280	-101.263622
577.173417	-103.264141
577.374538	-57.252206
577.575644	-71.255838
577.776734	-137.272963
577.977809	-23.243383
578.178868	-109.265698
578.379911	-13.240789
578.580939	-81.258433
578.781951	-77.257395
578.982948	-61.253243
579.183929	-55.251687
579.384895	-31.245459
579.585845	-13.240789
579.786780	-15.241308
579.987699	-7.239232
580.188602	-61.253243
580.389490	-13.240789
580.590362	-115.267255
580.791218	-33.245978
580.992059	-41.248054
581.192885	-79.257914
581.393695	-23.243383
581.594489	-63.253762
581.795267	-61.253243
581.996031	-57.252206
582.196778	-5.238713
582.397510	-149.276077
582.598226	-41.248054
582.798927	-87.259990
582.999612	2.763363
583.200281	-91.261028
583.400935	-19.242346
583.601573	-101.263622
583.802196	-25.243902
584.002803	-131.271406
584.203394	-51.250649
584.403970	-83.258952
584.604530	-67.254800
584.805074	-65.254281
585.005603	-63.253762
585.206116	-15.241308
585.406614	-95.262065
585.607096	-175.282823
585.807562	-125.269850
586.008013	-125.269850
586.208448	-65.254281
586.408868	-45.249092
586.609272	-97.262584
586.809660	-67.254800
587.010032	-99.263103
587.210389	-105.264660
587.410731	-3.238194
587.611056	-33.245978
587.811366	0.762844
588.011660	-75.256876
588.211939	-89.260509
588.412202	-123.269331
588.612450	-85.259471
588.812681	22.768552
589.012897	-131.271406
589.213098	-97.262584
589.413283	16.766995
589.613452	16.766995
589.813605	-85.259471
590.013743	-59.252724
590.213865	-97.262584
590.413971	-97.262584
590.614062	-61.253243
590.814137	-91.261028
591.014197	-103.264141
591.214240	-73.256357
591.414268	-37.247016
591.614281	-75.256876
591.814277	-35.246497
592.014258	-145.275039
592.214224	-77.257395
592.414173	-19.242346
592.614107	-91.261028
592.814026	-39.247535
593.013928	-53.251168
593.213815	-91.261028
593.413686	-51.250649
593.613542	8.764920
593.813382	-109.265698
594.013206	-71.255838
594.213014	-63.253762
594.412807	-95.262065
594.612584	10.765439
594.812345	-87.259990
595.012091	-77.257395
595.211820	-145.275039
595.411535	-61.253243
595.611233	-31.245459
595.810916	-173.282304
596.010583	-111.266217
596.210234	-89.260509
596.409870	-103.264141
596.609489	-69.255319
596.809093	-75.256876
597.008682	-17.241827
597.208255	-89.260509
597.407811	-61.253243
597.607353	-179.283861
597.806878	-23.243383
598.006388	-97.262584
598.205882	-69.255319
598.405360	-119.268293
598.604823	-67.254800
598.804269	-89.260509
599.003701	-65.254281
599.203116	-67.254800
599.402515	-17.241827
599.601899	-39.247535
599.801267	-17.241827
600.000620	-9.239751
600.199956	-7.239232
600.399277	-137.272963
600.598582	-69.255319
600.797871	-57.252206
600.997145	-97.262584
601.196402	-41.248054
601.395644	-117.267774
601.594871	-95.262065
601.794081	-149.276077
601.993276	-145.275039
602.192455	-85.259471
602.391618	-103.264141
602.590765	-77.257395
602.789897	-19.242346
602.989013	-9.239751
603.188113	-119.268293
603.387197	-61.253243
603.586266	-51.250649
603.785318	-51.250649
603.984355	-149.276077
604.183376	-65.254281
604.382382	-107.265179
604.581371	-51.250649
604.780345	-107.265179
604.979303	-47.249611
605.178245	-5.238713
605.377171	-147.275558
605.576082	-15.241308
605.774977	-31.245459
605.973856	-109.265698
606.172719	-39.247535
606.371566	-63.253762
606.570398	-65.254281
606.769214	-81.258433
606.968013	-63.253762
607.166798	-93.261546
607.365566	-149.276077
607.564318	-97.262584
607.763055	-29.244940
607.961776	-41.248054
608.160481	-71.255838
608.359170	-59.252724
608.557843	-17.241827
608.756501	-59.252724
608.955143	-141.274001
609.153769	-73.256357
609.352379	-15.241308
609.550973	-61.253243
609.749551	68.780488
609.948114	-43.248573
610.146661	6.764401
610.345191	-13.240789
610.543706	92.786715
610.742206	44.774261
610.940689	48.775298
611.139156	130.796575
611.337608	84.784639
611.536044	152.802283
611.734464	16.766995
611.932868	74.782045
612.131256	108.790867
612.329628	72.781526
612.527985	18.767514
612.726326	66.779969
612.924650	12.765957
613.122959	24.769071
613.321252	42.773742
613.519530	-27.244421
613.717791	0.762844
613.916036	52.776336
614.114266	6.764401
614.312480	56.777374
614.510677	0.762844
614.708859	-13.240789
614.907025	20.768033
615.105176	-41.248054
615.303310	-25.243902
615.501428	-37.247016
615.699531	-51.250649
615.897617	-43.248573
616.095688	-9.239751
616.293743	-5.238713
616.491782	-31.245459
616.689805	-59.252724
616.887812	-35.246497
617.085803	-45.249092
617.283779	-47.249611
617.481738	-49.250130
617.679682	-75.256876
617.877609	20.768033
618.075521	-19.242346
618.273417	-125.269850
618.471297	-129.270887
618.669161	-131.271406
618.867009	-55.251687
619.064841	-7.239232
619.262657	-55.251687
619.460458	-29.244940
619.658242	-151.276596
619.856011	-45.249092
620.053763	-129.270887
620.251500	-129.270887
620.449221	-55.251687
620.646925	2.763363
620.844614	-111.266217
621.042287	-105.264660
621.239944	-45.249092
621.437585	-89.260509
621.635210	0.762844
621.832819	14.766476
622.030413	-21.242865
622.227990	-103.264141
622.425551	-97.262584
622.623097	-37.247016
622.820626	-33.245978
623.018139	-131.271406
623.215637	-49.250130
623.413119	-69.255319
623.610584	-95.262065
623.808034	-57.252206
624.005468	-163.279709
624.202885	-25.243902
624.400287	-119.268293
624.597673	-77.257395
624.795043	22.768552
624.992397	-103.264141
625.189735	-5.238713
625.387057	-85.259471
625.584362	-99.263103
625.781652	-61.253243
625.978926	-93.261546
626.176185	-87.259990
626.373427	-71.255838
626.570653	-3.238194
626.767863	-91.261028
626.965057	-83.258952
627.162235	-117.267774
627.359397	-25.243902
627.556543	16.766995
627.753673	-63.253762
627.950788	-47.249611
628.147886	-99.263103
628.344968	-69.255319
628.542034	-101.263622
628.739084	-117.267774
628.936118	-5.238713
629.133137	-3.238194
629.330139	-75.256876
629.527125	-11.240270
629.724095	-63.253762
629.921049	32.771147
630.117987	-19.242346
630.314909	-3.238194
630.511815	-111.266217
630.708705	-33.245978
630.905579	-141.274001
631.102437	-39.247535
631.299279	-71.255838
631.496105	-69.255319
631.692915	-121.268812
631.889709	-71.255838
632.086487	-49.250130
632.283249	-53.251168
632.479995	-151.276596
632.676725	-89.260509
632.873438	-41.248054
633.070136	-61.253243
633.266818	-51.250649
633.463483	-69.255319
633.660133	-77.257395
633.856767	-69.255319
634.053384	-143.274520
634.249986	-63.253762
634.446571	-59.252724
634.643140	-87.259990
634.839694	-91.261028
635.036231	-105.264660
635.232752	-61.253243
635.429257	-123.269331
635.625746	-85.259471
635.822219	-91.261028
636.018676	-69.255319
636.215117	-123.269331
636.411542	-103.264141
636.607950	-79.257914
636.804343	4.763882
637.000720	-107.265179
637.197080	-119.268293
637.393425	-49.250130
637.589753	-97.262584
637.786065	-23.243383
637.982361	-107.265179
638.178642	-37.247016
638.374906	-73.256357
638.571154	-41.248054
638.767385	-77.257395
638.963601	-43.248573
639.159801	-63.253762
639.355984	-73.256357
639.552152	-113.266736
639.748303	-75.256876
639.944438	-55.251687
640.140558	-77.257395
640.336661	-77.257395
640.532748	-13.240789
640.728819	-63.253762
640.924873	-113.266736
641.120912	-51.250649
641.316935	-143.274520
641.512941	-91.261028
641.708931	-113.266736
641.904906	-105.264660
642.100864	-139.273482
642.296806	-65.254281
642.492731	-71.255838
642.688641	-29.244940
642.884535	-81.258433
643.080412	-91.261028
643.276274	-81.258433
643.472119	-109.265698
643.667948	-63.253762
643.863761	-1.237675
644.059558	-95.262065
644.255338	-53.251168
644.451103	-55.251687
644.646851	-109.265698
644.842583	-17.241827
645.038300	-89.260509
645.234000	-95.262065
645.429683	-61.253243
645.625351	-131.271406
645.821003	-49.250130
646.016638	6.764401
646.212257	-133.271925
646.407860	-75.256876
646.603447	-83.258952
646.799018	-77.257395
646.994572	-29.244940
647.190111	-123.269331
647.385633	-39.247535
647.581139	-47.249611
647.776629	-143.274520
647.972103	-63.253762
648.167560	-67.254800
648.363002	-105.264660
648.558427	-105.264660
648.753836	10.765439
648.949229	-153.277115
649.144606	-103.264141
649.339966	-109.265698
649.535311	-73.256357
649.730639	-111.266217
649.925951	-65.254281
650.121246	-45.249092
650.316526	-71.255838
650.511789	-101.263622
650.707037	-17.241827
650.902268	-49.250130
651.097483	-123.269331
651.292681	-109.265698
651.487864	-19.242346
651.683030	-25.243902
651.878180	-73.256357
652.073314	-119.268293
652.268431	4.763882
652.463533	-71.255838
652.658618	-93.261546
652.853687	-85.259471
653.048739	-77.257395
653.243776	-67.254800
653.438796	-109.265698
653.633800	-51.250649
653.828788	-131.271406
654.023760	-51.250649
654.218715	-31.245459
654.413655	-103.264141
654.608578	-115.267255
654.803484	-79.257914
654.998375	-63.253762
655.193249	-53.251168
655.388107	-133.271925
655.582949	-39.247535
655.777775	-25.243902
655.972584	-41.248054
656.167377	-55.251687
656.362154	-47.249611
656.556914	-105.264660
656.751659	-109.265698
656.946387	-73.256357
657.141099	-45.249092
657.335794	-65.254281
657.530474	-109.265698
657.725137	-43.248573
657.919784	-133.271925
658.114414	20.768033
658.309029	-77.257395
658.503627	-47.249611
658.698208	-31.245459
658.892774	-11.240270
659.087323	-91.261028
659.281856	-147.275558
659.476373	-133.271925
659.670873	-177.283342
659.865358	-131.271406
660.059825	-111.266217
660.254277	-71.255838
660.448712	-67.254800
660.643131	-109.265698
660.837534	-107.265179
661.031921	-113.266736
661.226291	-69.255319
661.420645	-79.257914
661.614983	-47.249611
661.809304	-95.262065
662.003609	-149.276077
662.197898	-71.255838
662.392170	-53.251168
662.586426	-5.238713
662.780666	-33.245978
662.974890	-23.243383
663.169097	-45.249092
663.363288	0.762844
663.557463	-47.249611
663.751621	-69.255319
663.945763	-89.260509
664.139889	-67.254800
664.333998	-73.256357
664.528091	-61.253243
664.722168	-43.248573
664.916228	-65.254281
665.110272	-15.241308
665.304300	-89.260509
665.498312	-115.267255
665.692307	-71.255838
665.886286	-13.240789
666.080248	-73.256357
666.274194	-49.250130
666.468124	-11.240270
666.662038	-49.250130
666.855935	-19.242346
667.049816	-77.257395
667.243680	-193.287494
667.437528	-131.271406
667.631360	-93.261546
667.825176	-35.246497
668.018975	-51.250649
668.212757	-77.257395
668.406524	-79.257914
668.600274	-63.253762
668.794008	-79.257914
668.987725	-43.248573
669.181426	-99.263103
669.375111	-33.245978
669.568779	-73.256357
669.762431	-9.239751
669.956066	-67.254800
670.149686	-31.245459
670.343288	-105.264660
670.536875	-101.263622
670.730445	-101.263622
670.923999	-35.246497
671.117536	-41.248054
671.311057	-5.238713
671.504562	-67.254800
671.698050	-59.252724
671.891522	-11.240270
672.084977	-17.241827
672.278416	-99.263103
672.471839	-59.252724
672.665245	-7.239232
672.858635	-47.249611
673.052008	-97.262584
673.245366	-31.245459
673.438706	-55.251687
673.632031	26.769590
673.825338	-25.243902
674.018630	-17.241827
674.211905	-73.256357
674.405164	34.771666
674.598406	20.768033
674.791632	58.777893
674.984842	-25.243902
675.178035	22.768552
675.371211	0.762844
675.564372	4.763882
675.757515	44.774261
675.950643	30.770628
676.143754	-29.244940
676.336848	46.774779
676.529927	-11.240270
676.722988	68.780488
676.916034	-13.240789
677.109063	72.781526
677.302075	78.783083
677.495071	92.786715
677.688051	108.790867
677.881014	40.773223
678.073961	98.788272
678.266891	26.769590
678.459805	8.764920
678.652702	32.771147
678.845583	78.783083
679.038448	56.777374
679.231296	32.771147
679.424127	-49.250130
679.616942	46.774779
679.809741	54.776855
680.002524	102.789310
680.195289	42.773742
680.388039	10.765439
680.580772	46.774779
680.773488	38.772704
680.966188	98.788272
681.158872	136.798132
681.351539	64.779450
681.544189	62.778931
681.736823	58.777893
681.929441	56.777374
682.122042	-13.240789
682.314627	106.790348
682.507195	42.773742
682.699747	52.776336
682.892282	118.793461
683.084801	128.796056
683.277303	92.786715
683.469789	116.792942
683.662258	68.780488
683.854711	146.800727
684.047148	234.823560
684.239567	172.807473
684.431971	216.818889
684.624358	192.812662
684.816728	268.832382
685.009082	240.825117
685.201419	324.846912
685.393740	290.838090
685.586045	298.840166
685.778333	240.825117
685.970604	414.870265
686.162859	444.878049
686.355097	472.885314
686.547319	524.898806
686.739524	598.918007
686.931713	682.939803
687.123886	640.928905
687.316041	670.936689
687.508181	692.942398
687.700303	910.998962
687.892410	880.991178
688.084499	963.012455
688.276572	1043.033212
688.468629	1085.044110
688.660669	1175.067462
688.852693	1287.096523
689.044700	1509.154126
689.236690	1477.145823
689.428664	1633.186300
689.620622	1715.207577
689.812563	1767.221069
690.004487	1929.263103
690.196395	2017.285937
690.388286	2267.350804
690.580161	2365.376232
690.772019	2471.403736
690.963861	2679.457706
691.155686	2943.526207
691.347494	3001.541256
691.539286	3149.579657
691.731061	3219.597820
691.922820	3443.655942
692.114562	3763.738972
692.306288	4011.803321
692.497997	4041.811105
692.689690	4113.829787
692.881366	4521.935651
693.073025	4625.962636
693.264668	5046.071614
693.456295	4872.026466
693.647904	5292.135444
693.839497	5460.179035
694.031074	5936.302543
694.222634	6126.351842
694.414177	6224.377270
694.605704	6674.494032
694.797214	6794.525169
694.988708	7212.633627
695.180185	7434.691230
695.371646	7904.813181
695.563089	8132.872340
695.754517	8440.952257
695.945927	8827.052413
696.137321	9089.120394
696.328699	9389.198236
696.520060	9471.219512
696.711404	9833.313441
696.902732	10305.435911
697.094043	10833.572911
697.285337	11023.622211
697.476615	11667.789310
697.667876	12045.887390
697.859121	12281.948625
698.050349	12790.080436
698.241560	13384.234561
698.432755	13422.244421
698.623933	14124.426570
698.815095	14558.539180
699.006240	14716.580176
699.197368	15636.818889
699.388480	15936.896731
699.579575	15998.912818
699.770653	16144.950701
699.961715	16711.097561
700.152760	17247.236637
700.343789	17661.344058
700.534800	17589.325376
700.725796	17677.348210
700.916774	18497.560976
701.107736	18789.636741
701.298681	19115.721328
701.489610	19563.837571
701.680522	20216.006746
701.871417	20181.997924
702.062296	20868.175921
702.253158	20524.086663
702.444004	20816.162429
702.634832	20606.107940
702.825644	20732.140633
703.016440	21192.259990
703.207219	21740.402180
703.397981	21482.335236
703.588726	21344.299429
703.779455	21188.258952
703.970167	21062.226258
704.160863	21312.291126
704.351541	21618.370524
704.542203	21454.327971
704.732849	21724.398028
704.923478	20964.200830
705.114090	20766.149455
705.304685	21098.235599
705.495264	20856.172807
705.685826	20652.119875
705.876371	20107.978723
706.066900	20712.135444
706.257412	20210.005189
706.447907	19509.823560
706.638385	19171.735859
706.828847	18823.645563
707.019292	18561.577582
707.209721	18241.494551
707.400133	17911.408926
707.590528	17387.272963
707.780906	16737.104307
707.971268	16521.048262
708.161613	15796.860405
708.351941	15504.784639
708.542253	15098.679294
708.732548	14720.581214
708.922826	14612.553191
709.113087	13938.378308
709.303332	13528.271925
709.493560	13130.168656
709.683771	12828.090296
709.873966	12117.906072
710.064143	11713.801245
710.254304	11159.657499
710.444449	10857.579139
710.634576	10717.542813
710.824687	10355.448884
711.014782	9933.339388
711.204859	9851.318111
711.394920	9225.155682
711.584964	8767.036845
711.774991	8408.943954
711.965001	8382.937208
712.154995	7924.818371
712.344972	7684.756098
712.534932	7246.642449
712.724876	7072.597302
712.914803	6538.458744
713.104713	6578.469123
713.294606	5886.289569
713.484483	5918.297872
713.674342	5348.149974
713.864185	5092.083550
714.054011	5108.087701
714.243821	4830.015568
714.433614	4569.948106
714.623390	4281.873378
714.813149	4289.875454
715.002891	3889.771666
715.192617	3673.715620
715.382326	3447.656980
715.572018	3267.610275
715.761693	3059.556305
715.951352	3059.556305
716.140993	2863.505449
716.330618	2739.473275
716.520227	2473.404255
716.709818	2413.388687
716.899393	2169.325376
717.088951	2079.302024
717.278492	2017.285937
717.468016	1831.237675
717.657523	1809.231967
717.847014	1655.192008
718.036488	1611.180592
718.225945	1435.134925
718.415385	1363.116243
718.604809	1367.117281
718.794216	1167.065387
718.983606	1105.049299
719.172979	1093.046186
719.362335	981.017125
719.551674	979.016606
719.740997	919.001038
719.930303	822.976129
720.119592	720.949663
720.308864	664.935132
720.498120	644.929943
720.687358	646.930462
720.876580	662.934613
721.065785	550.905553
721.254973	466.883757
721.444144	408.868708
721.633299	410.869227
721.822436	394.865075
722.011557	354.854696
722.200661	352.854177
722.389748	358.855734
722.578818	336.850026
722.767872	304.841723
722.956909	296.839647
723.145928	254.828749
723.334931	318.845355
723.523917	166.805916
723.712887	246.826674
723.901839	174.807992
724.090775	238.824598
724.279693	118.793461
724.468595	154.802802
724.657480	126.795537
724.846348	114.792423
725.035199	138.798651
725.224034	70.781007
725.412851	112.791905
725.601652	74.782045
725.790436	144.800208
725.979203	76.782564
726.167953	62.778931
726.356686	62.778931
726.545402	-7.239232
726.734102	102.789310
726.922784	108.790867
727.111450	34.771666
727.300099	66.779969
727.488731	66.779969
727.677346	-13.240789
727.865944	12.765957
728.054525	-43.248573
728.243090	36.772185
728.431637	84.784639
728.620168	56.777374
728.808682	-3.238194
728.997178	-15.241308
729.185658	28.770109
729.374121	4.763882
729.562567	-57.252206
729.750997	-19.242346
729.939409	-29.244940
730.127804	0.762844
730.316183	-23.243383
730.504545	2.763363
730.692889	-135.272444
730.881217	12.765957
731.069528	14.766476
731.257822	22.768552
731.446099	-15.241308
731.634359	42.773742
731.822602	-67.254800
732.010828	-69.255319
732.199038	26.769590
732.387230	-93.261546
732.575406	-43.248573
732.763564	-79.257914
732.951706	28.770109
733.139831	-31.245459
733.327938	-79.257914
733.516029	-123.269331
733.704103	-61.253243
733.892160	-51.250649
734.080200	-29.244940
734.268223	-29.244940
734.456229	-31.245459
734.644218	-11.240270
734.832191	-91.261028
735.020146	-47.249611
735.208084	-55.251687
735.396006	-29.244940
735.583910	-87.259990
735.771797	-15.241308
735.959668	-33.245978
736.147522	-97.262584
736.335358	-59.252724
736.523178	-53.251168
736.710980	2.763363
736.898766	-57.252206
737.086535	-117.267774
737.274286	-63.253762
737.462021	-27.244421
737.649739	-123.269331
737.837440	-17.241827
738.025124	-31.245459
738.212791	-101.263622
738.400440	-43.248573
738.588073	-95.262065
738.775689	-29.244940
738.963288	-13.240789
739.150870	-115.267255
739.338435	-87.259990
739.525983	-5.238713
739.713514	28.770109
739.901028	-67.254800
740.088525	-111.266217
740.276005	-45.249092
740.463468	-95.262065
740.650914	-39.247535
740.838343	-143.274520
741.025755	-129.270887
741.213150	-43.248573
741.400528	-41.248054
741.587889	-73.256357
741.775233	-149.276077
741.962559	-77.257395
742.149869	-31.245459
742.337162	-85.259471
742.524438	-33.245978
742.711697	-99.263103
742.898939	-107.265179
743.086164	-109.265698
743.273371	-95.262065
743.460562	-89.260509
743.647736	-83.258952
743.834892	12.765957
744.022032	-79.257914
744.209155	-49.250130
744.396260	-141.274001
744.583349	-143.274520
744.770420	-19.242346
744.957475	-129.270887
745.144512	-109.265698
745.331533	-47.249611
745.518536	-93.261546
745.705522	-83.258952
745.892491	-101.263622
746.079444	-79.257914
746.266379	-77.257395
746.453297	-75.256876
746.640198	-55.251687
746.827082	-79.257914
747.013949	-53.251168
747.200798	-79.257914
747.387631	-47.249611
747.574447	-137.272963
747.761246	-77.257395
747.948027	-79.257914
748.134792	-53.251168
748.321539	-81.258433
748.508269	-45.249092
748.694983	-11.240270
748.881679	-41.248054
749.068358	-95.262065
749.255020	-81.258433
749.441665	-71.255838
749.628293	-55.251687
749.814904	-133.271925
750.001497	-129.270887
750.188074	-105.264660
750.374633	-93.261546
750.561176	-93.261546
750.747701	-51.250649
750.934209	-57.252206
751.120701	-77.257395
751.307175	-35.246497
751.493631	-115.267255
751.680071	-135.272444
751.866494	-49.250130
752.052900	-155.277634
752.239288	-151.276596
752.425660	-111.266217
752.612014	-81.258433
752.798351	-93.261546
752.984671	-59.252724
753.170974	-33.245978
753.357260	-137.272963
753.543529	-133.271925
753.729780	-123.269331
753.916015	-63.253762
754.102232	-85.259471
754.288432	-69.255319
754.474615	-91.261028
754.660781	-15.241308
754.846930	-89.260509
755.033062	-63.253762
755.219176	-67.254800
755.405274	-155.277634
755.591354	-73.256357
755.777417	-73.256357
755.963463	-41.248054
756.149492	-43.248573
756.335503	-67.254800
756.521498	-77.257395
756.707475	-129.270887
756.893436	-25.243902
757.079379	-71.255838
757.265305	-51.250649
757.451213	-55.251687
757.637105	-117.267774
757.822979	-121.268812
758.008837	-37.247016
758.194677	-11.240270
758.380500	-157.278153
758.566306	-71.255838
758.752094	-145.275039
758.937866	-151.276596
759.123620	-103.264141
759.309357	-79.257914
759.495077	-97.262584
759.680780	-69.255319
759.866465	-121.268812
760.052134	-113.266736
760.237785	-73.256357
760.423419	-89.260509
760.609036	-143.274520
760.794636	-41.248054
760.980218	-49.250130
761.165783	-81.258433
761.351331	-89.260509
761.536862	-45.249092
761.722376	-41.248054
761.907873	-65.254281
762.093352	-65.254281
762.278814	-109.265698
762.464259	-55.251687
762.649687	-97.262584
762.835097	-113.266736
763.020490	-73.256357
763.205866	-107.265179
763.391225	-109.265698
763.576567	-77.257395
763.761891	-121.268812
763.947199	-21.242865
764.132489	-115.267255
764.317761	-63.253762
764.503017	-35.246497
764.688255	-53.251168
764.873476	-91.261028
765.058680	-11.240270
765.243867	-69.255319
765.429036	-75.256876
765.614188	-95.262065
765.799323	-51.250649
765.984441	-139.273482
766.169542	-87.259990
766.354625	-103.264141
766.539691	-141.274001
766.724740	-131.271406
766.909771	-111.266217
767.094785	-85.259471
767.279782	-169.281266
767.464762	8.764920
767.649725	-31.245459
767.834670	-65.254281
768.019598	-99.263103
768.204509	-61.253243
768.389402	-101.263622
768.574278	-77.257395
768.759137	-37.247016
768.943979	-71.255838
769.128804	-99.263103
769.313611	-67.254800
769.498401	-51.250649
769.683173	-87.259990
769.867929	-141.274001
770.052667	-59.252724
770.237388	-139.273482
770.422091	-63.253762
770.606777	-93.261546
770.791446	-95.262065
770.976098	-115.267255
771.160733	-51.250649
771.345350	-105.264660
771.529950	-83.258952
771.714532	-1.237675
771.899097	-11.240270
772.083645	-79.257914
772.268176	-89.260509
772.452689	-71.255838
772.637185	-53.251168
772.821664	-107.265179
773.006126	-25.243902
773.190570	-69.255319
773.374997	-93.261546
773.559406	-103.264141
773.743799	-23.243383
773.928174	-157.278153
774.112531	-83.258952
774.296872	-167.280747
774.481195	-169.281266
774.665500	-157.278153
774.849789	-111.266217
775.034060	-79.257914
775.218313	-37.247016
775.402550	-109.265698
775.586769	-43.248573
775.770971	-81.258433
775.955155	-65.254281
776.139322	-79.257914
776.323472	-75.256876
776.507605	-135.272444
776.691720	-89.260509
776.875817	-97.262584
777.059898	-61.253243
777.243961	-107.265179
777.428007	-93.261546
777.612035	-37.247016
777.796046	-81.258433
777.980040	-139.273482
778.164016	-135.272444
778.347975	-83.258952
778.531917	-23.243383
778.715841	-61.253243
778.899748	-43.248573
779.083638	-45.249092
779.267510	-59.252724
779.451365	-1.237675
779.635202	-87.259990
779.819022	-111.266217
780.002825	-95.262065
780.186611	-63.253762
780.370379	-81.258433
780.554129	-69.255319
780.737863	-69.255319
780.921579	-89.260509
781.105277	-17.241827
781.288958	-161.279190
781.472622	-47.249611
781.656268	-59.252724
781.839898	-121.268812
782.023509	-101.263622
782.207103	-129.270887
782.390680	-65.254281
782.574240	-135.272444
782.757782	-17.241827
782.941306	-59.252724
783.124814	-97.262584
783.308304	-53.251168
783.491776	-129.270887
783.675231	-41.248054
783.858669	-87.259990
784.042089	-101.263622
784.225492	-139.273482
784.408878	-53.251168
784.592246	-73.256357
784.775596	-57.252206
784.958929	-123.269331
785.142245	-39.247535
785.325544	-103.264141
785.508825	-133.271925
785.692088	-97.262584
785.875334	-83.258952
786.058563	-41.248054
786.241774	-97.262584
786.424968	-139.273482
786.608145	-113.266736
786.791304	-115.267255
786.974445	-137.272963
787.157569	-61.253243
787.340676	-103.264141
787.523765	-57.252206
787.706837	-19.242346
787.889892	-129.270887
788.072929	-127.270368
788.255948	-65.254281
788.438950	-41.248054
788.621935	-111.266217
788.804902	-81.258433
788.987852	-109.265698
789.170784	-61.253243
789.353699	-45.249092
789.536596	-125.269850
789.719476	-45.249092
789.902338	-39.247535
790.085183	-95.262065
790.268011	-99.263103
790.450821	-171.281785
790.633614	-83.258952
790.816389	-105.264660
790.999146	-65.254281
791.181887	-143.274520
791.364609	-95.262065
791.547314	-107.265179
791.730002	-61.253243
791.912673	-61.253243
792.095325	-77.257395
792.277961	-49.250130
792.460578	-27.244421
792.643179	-131.271406
792.825762	-123.269331
793.008327	-63.253762
793.190875	-73.256357
793.373405	-47.249611
793.555918	-163.279709
793.738414	-75.256876
793.920891	-81.258433
794.103352	-81.258433
794.285795	-21.242865
794.468220	-159.278672
794.650628	-103.264141
794.833018	-89.260509
795.015391	-81.258433
795.197747	-111.266217
795.380085	-61.253243
795.562405	-57.252206
795.744708	-129.270887
795.926993	-105.264660
796.109261	-133.271925
796.291511	-143.274520
796.473744	-133.271925
796.655959	-93.261546
796.838157	-57.252206
797.020337	-111.266217
797.202500	-57.252206
797.384645	-135.272444
797.566772	-103.264141
797.748883	-57.252206
797.930975	-117.267774
798.113050	-73.256357
798.295108	-173.282304
798.477147	-53.251168
798.659170	-149.276077
798.841175	-55.251687
799.023162	10.765439
799.205132	-99.263103
799.387084	-79.257914
799.569018	-99.263103
799.750936	-101.263622
799.932835	-119.268293
800.114717	-119.268293
800.296582	-37.247016
800.478428	-111.266217
800.660258	-163.279709
800.842069	-133.271925
801.023864	-113.266736
801.205640	-39.247535
801.387399	-149.276077
801.569141	-83.258952
801.750865	-99.263103
801.932571	-25.243902
802.114260	-141.274001
802.295931	-63.253762
802.477584	-99.263103
802.659220	-87.259990
802.840839	-81.258433
803.022440	-131.271406
803.204023	-21.242865
803.385589	-3.238194
803.567137	-109.265698
803.748667	-133.271925
803.930180	-99.263103
804.111676	-79.257914
804.293153	-19.242346
804.474613	-35.246497
804.656056	-87.259990
804.837481	-123.269331
805.018888	-85.259471
805.200278	-55.251687
805.381650	-139.273482
805.563005	-129.270887
805.744341	-47.249611
805.925661	8.764920
806.106962	-109.265698
806.288246	-39.247535
806.469513	-137.272963
806.650762	-113.266736
806.831993	18.767514
807.013207	-51.250649
807.194403	-105.264660
807.375581	-81.258433
807.556742	-109.265698
807.737885	-107.265179
807.919010	-99.263103
808.100118	-81.258433
808.281208	-149.276077
808.462281	-99.263103
808.643336	-99.263103
808.824373	-91.261028
809.005393	-77.257395
809.186395	-131.271406
809.367379	-83.258952
809.548346	-111.266217
809.729295	-67.254800
809.910226	-135.272444
810.091140	-95.262065
810.272036	-51.250649
810.452915	-141.274001
810.633775	-111.266217
810.814619	-81.258433
810.995444	-65.254281
811.176252	-67.254800
811.357042	-47.249611
811.537815	-133.271925
811.718569	-185.285418
811.899307	-121.268812
812.080026	-87.259990
812.260728	-125.269850
812.441412	-131.271406
812.622079	-97.262584
812.802727	-37.247016
812.983359	-37.247016
813.163972	-115.267255
813.344568	-67.254800
813.525146	-89.260509
813.705706	-123.269331
813.886249	-87.259990
814.066774	-123.269331
814.247281	-91.261028
814.427771	-105.264660
814.608243	-91.261028
814.788697	-97.262584
814.969134	-55.251687
815.149553	-63.253762
815.329954	-85.259471
815.510337	-79.257914
815.690703	-89.260509
815.871051	-101.263622
816.051382	-49.250130
816.231694	-47.249611
816.411989	-113.266736
816.592266	-77.257395
816.772526	-59.252724
816.952768	-77.257395
817.132992	-49.250130
817.313198	-93.261546
817.493387	-31.245459
817.673558	-83.258952
817.853711	-87.259990
818.033846	-105.264660
818.213964	-123.269331
818.394064	-85.259471
818.574146	-51.250649
818.754211	-185.285418
818.934258	-61.253243
819.114287	-103.264141
819.294298	-71.255838
819.474292	-99.263103
819.654267	-117.267774
819.834226	-67.254800
820.014166	-125.269850
820.194089	-53.251168
820.373993	-31.245459
820.553881	-87.259990
820.733750	-7.239232
820.913602	-55.251687
821.093435	-71.255838
821.273252	-173.282304
821.453050	-65.254281
821.632830	-121.268812
821.812593	-65.254281
821.992338	-69.255319
822.172066	-51.250649
822.351775	-169.281266
822.531467	-97.262584
822.711141	-65.254281
822.890797	-67.254800
823.070436	-39.247535
823.250056	-117.267774
823.429659	-69.255319
823.609244	-137.272963
823.788812	-79.257914
823.968361	-109.265698
824.147893	-83.258952
824.327407	-127.270368
824.506903	-25.243902
824.686381	-97.262584
824.865842	-59.252724
825.045285	-107.265179
825.224710	-65.254281
825.404117	-157.278153
825.583507	-77.257395
825.762878	-119.268293
825.942232	-103.264141
826.121568	-113.266736
826.300886	-131.271406
826.480187	-39.247535
826.659469	-121.268812
826.838734	-113.266736
827.017981	-53.251168
827.197210	-95.262065
827.376422	-85.259471
827.555615	-101.263622
827.734791	-97.262584
827.913949	-27.244421
828.093089	-65.254281
828.272211	-67.254800
828.451315	-103.264141
828.630402	-57.252206
828.809471	-111.266217
828.988522	-129.270887
829.167555	-123.269331
829.346570	-69.255319
829.525568	-45.249092
829.704547	-53.251168
829.883509	-153.277115
830.062453	-47.249611
830.241379	-151.276596
830.420287	-99.263103
830.599177	-131.271406
830.778050	-105.264660
830.956905	14.766476
831.135742	-117.267774
831.314561	-103.264141
831.493362	-51.250649
831.672145	-93.261546
831.850910	-109.265698
832.029658	-127.270368
832.208388	-137.272963
832.387099	-23.243383
832.565793	-91.261028
832.744469	-87.259990
832.923128	-37.247016
833.101768	-57.252206
833.280391	-97.262584
833.458995	-87.259990
833.637582	-77.257395
833.816151	-135.272444
833.994702	-25.243902
834.173235	-65.254281
834.351750	-73.256357
834.530247	-79.257914
834.708727	-117.267774
834.887188	-81.258433
835.065632	-133.271925
835.244058	-37.247016
835.422466	-97.262584
835.600856	-155.277634
835.779228	-97.262584
835.957582	-119.268293
836.135918	-111.266217
836.314237	-41.248054
836.492537	-127.270368
836.670820	-61.253243
836.849084	-49.250130
837.027331	-137.272963
837.205560	-69.255319
837.383771	-193.287494
837.561964	-55.251687
837.740139	-37.247016
837.918296	-77.257395
838.096436	-143.274520
838.274557	-117.267774
838.452660	-93.261546
838.630746	-87.259990
838.808814	-99.263103
838.986863	-129.270887
839.164895	-115.267255
839.342909	-99.263103
839.520905	-53.251168
839.698883	-39.247535
839.876843	-109.265698
840.054785	-15.241308
840.232709	-91.261028
840.410615	-99.263103
840.588503	-129.270887
840.766374	-115.267255
840.944226	-53.251168
841.122060	-123.269331
841.299877	-139.273482
841.477675	-37.247016
841.655456	-43.248573
841.833218	-79.257914
842.010963	-107.265179
842.188690	-123.269331
842.366399	-115.267255
842.544089	-91.261028
842.721762	-29.244940
842.899417	-79.257914
843.077054	-103.264141
843.254673	-115.267255
843.432274	-127.270368
843.609857	-15.241308
843.787422	-109.265698
843.964969	-89.260509
844.142498	-103.264141
844.320009	-29.244940
844.497502	-85.259471
844.674977	-75.256876
844.852434	-77.257395
845.029873	-105.264660
845.207294	-35.246497
845.384697	4.763882
845.562083	-99.263103
845.739450	-79.257914
845.916799	-109.265698
846.094130	-115.267255
846.271443	-47.249611
846.448738	-99.263103
846.626016	-93.261546
846.803275	-87.259990
846.980516	-119.268293
847.157739	-125.269850
847.334944	-75.256876
847.512131	-3.238194
847.689301	-61.253243
847.866452	-101.263622
848.043585	-43.248573
848.220700	-51.250649
848.397797	-95.262065
848.574876	-71.255838
848.751937	-43.248573
848.928980	-95.262065
849.106005	-99.263103
849.283012	-165.280228
849.460001	-129.270887
849.636972	-103.264141
849.813925	-45.249092
849.990859	-59.252724
850.167776	-83.258952
850.344675	-109.265698
850.521556	-61.253243
850.698418	-43.248573
850.875263	-55.251687
851.052090	-43.248573
851.228898	-55.251687
851.405689	-119.268293
851.582461	-187.285937
851.759216	-125.269850
851.935952	-131.271406
852.112670	-101.263622
852.289370	-121.268812
852.466053	-119.268293
852.642717	-91.261028
852.819363	-139.273482
852.995991	-55.251687
853.172601	10.765439
853.349193	-157.278153
853.525766	-39.247535
853.702322	-75.256876
853.878860	-97.262584
854.055379	-143.274520
854.231881	-91.261028
854.408364	-77.257395
854.584830	-139.273482
854.761277	-81.258433
854.937706	-117.267774
855.114117	-15.241308
855.290510	-83.258952
855.466885	-51.250649
855.643242	-73.256357
855.819581	-159.278672
855.995901	-93.261546
856.172204	-79.257914
856.348488	-103.264141
856.524755	-157.278153
856.701003	-97.262584
856.877233	-51.250649
857.053445	-165.280228
857.229639	-93.261546
857.405815	-163.279709
857.581973	-149.276077
857.758113	-47.249611
857.934234	-51.250649
858.110338	-155.277634
858.286423	-79.257914
858.462490	-31.245459
858.638539	-105.264660
858.814570	-51.250649
858.990583	-63.253762
859.166578	-65.254281
859.342554	-61.253243
859.518513	-37.247016
859.694453	-87.259990
859.870375	-45.249092
860.046279	-61.253243
860.222165	-75.256876
860.398033	-75.256876
860.573883	-93.261546
860.749714	-119.268293
860.925528	-115.267255
861.101323	-79.257914
861.277100	-139.273482
861.452859	-75.256876
861.628600	-9.239751
861.804322	-115.267255
861.980027	-37.247016
862.155713	-115.267255
862.331381	-79.257914
862.507031	-145.275039
862.682663	-79.257914
862.858277	-131.271406
863.033873	-115.267255
863.209450	-61.253243
863.385009	-17.241827
863.560550	-109.265698
863.736073	-91.261028
863.911578	-91.261028
864.087065	-79.257914
864.262533	-37.247016
864.437983	-67.254800
864.613415	-95.262065
864.788829	-91.261028
864.964225	-57.252206
865.139602	-151.276596
865.314962	-123.269331
865.490303	-157.278153
865.665626	-91.261028
865.840930	-101.263622
866.016217	-97.262584
866.191485	-143.274520
866.366735	-95.262065
866.541967	-47.249611
866.717181	-103.264141
866.892377	-97.262584
867.067554	-113.266736
867.242713	-153.277115
867.417854	-93.261546
867.592977	-53.251168
867.768082	-121.268812
867.943168	-89.260509
868.118236	-173.282304
868.293286	-83.258952
868.468318	-107.265179
868.643331	-85.259471
868.818327	-57.252206
868.993304	-75.256876
869.168263	-51.250649
869.343203	-71.255838
869.518126	-135.272444
869.693030	10.765439
869.867916	-87.259990
870.042783	-71.255838
870.217633	-209.291645
870.392464	-85.259471
870.567277	-67.254800
870.742072	-125.269850
870.916848	-165.280228
871.091607	-37.247016
871.266347	-71.255838
871.441069	-47.249611
871.615772	-75.256876
871.790458	-31.245459
871.965125	-35.246497
872.139773	-9.239751
872.314404	-49.250130
872.489016	-51.250649
872.663610	-49.250130
872.838186	-123.269331
873.012744	-61.253243
873.187283	-133.271925
873.361804	-79.257914
873.536307	-117.267774
873.710791	-99.263103
873.885258	-99.263103
874.059705	-151.276596
874.234135	-113.266736
874.408547	-103.264141
874.582940	-55.251687
874.757315	-51.250649
874.931671	-29.244940
875.106009	-73.256357
875.280329	-113.266736
875.454631	-37.247016
875.628915	-91.261028
875.803180	-119.268293
875.977427	-89.260509
876.151655	-85.259471
876.325866	-59.252724
876.500058	-91.261028
876.674231	-89.260509
876.848387	-117.267774
877.022524	-143.274520
877.196643	-119.268293
877.370743	-43.248573
877.544825	-77.257395
877.718889	-103.264141
877.892935	-121.268812
878.066962	-121.268812
878.240971	-111.266217
878.414962	-75.256876
878.588934	-97.262584
878.762888	-49.250130
878.936824	-101.263622
879.110741	-177.283342
879.284640	-99.263103
879.458521	-73.256357
879.632384	-61.253243
879.806228	-135.272444
879.980053	-69.255319
880.153861	-95.262065
880.327650	-113.266736
880.501421	-71.255838
880.675173	-141.274001
880.848907	-127.270368
881.022623	-85.259471
881.196320	-149.276077
881.370000	-65.254281
881.543660	-35.246497
881.717303	-105.264660
881.890927	-111.266217
882.064532	-75.256876
882.238120	-33.245978
882.411689	-99.263103
882.585239	-53.251168
882.758772	-45.249092
882.932286	-115.267255
883.105781	-73.256357
883.279259	-127.270368
883.452717	-119.268293
883.626158	-71.255838
883.799580	-87.259990
883.972984	-153.277115
884.146369	-101.263622
884.319736	-81.258433
884.493085	-17.241827
884.666415	-93.261546
884.839727	-81.258433
885.013020	-91.261028
885.186296	-197.288531
885.359552	10.765439
885.532791	-103.264141
885.706011	-109.265698
885.879212	-59.252724
886.052396	-99.263103
886.225560	-143.274520
886.398707	-61.253243
886.571835	-135.272444
886.744945	-91.261028
886.918036	-119.268293
887.091109	-129.270887
887.264163	-119.268293
887.437199	-125.269850
887.610217	-83.258952
887.783216	-77.257395
887.956197	-137.272963
888.129159	-45.249092
888.302103	-43.248573
888.475029	-115.267255
888.647936	-67.254800
888.820825	-65.254281
888.993695	-83.258952
889.166547	-55.251687
889.339381	-63.253762
889.512196	-51.250649
889.684992	-45.249092
889.857771	-55.251687
890.030530	-129.270887
890.203272	-133.271925
890.375995	-103.264141
890.548699	-79.257914
890.721385	-33.245978
890.894053	-125.269850
891.066702	-95.262065
891.239333	-129.270887
891.411945	-81.258433
891.584539	-73.256357
891.757115	-71.255838
891.929672	-93.261546
892.102210	-85.259471
892.274730	-97.262584
892.447232	-109.265698
892.619715	-129.270887
892.792180	-107.265179
892.964626	-95.262065
893.137054	-133.271925
893.309463	-91.261028
893.481854	-161.279190
893.654227	-67.254800
893.826581	-73.256357
893.998916	-75.256876
894.171233	-115.267255
894.343532	-5.238713
894.515812	-55.251687
894.688074	-97.262584
894.860317	-123.269331
895.032541	-27.244421
895.204748	-79.257914
895.376935	-5.238713
895.549105	-53.251168
895.721255	-119.268293
895.893388	-183.284899
896.065501	-157.278153
896.237597	-115.267255
896.409673	-55.251687
896.581732	-49.250130
896.753771	-73.256357
896.925793	-71.255838
897.097796	-67.254800
897.269780	-61.253243
897.441746	-109.265698
897.613693	-153.277115
897.785622	-105.264660
897.957532	-123.269331
898.129424	-15.241308
898.301297	-135.272444
898.473152	-81.258433
898.644988	-45.249092
898.816806	-103.264141
898.988605	-53.251168
899.160386	-173.282304
899.332148	-117.267774
899.503892	-83.258952
899.675617	-97.262584
899.847323	-75.256876
900.019011	-103.264141
900.190681	-91.261028
900.362332	-71.255838
900.533964	-57.252206
900.705578	-51.250649
900.877174	-97.262584
901.048751	-119.268293
901.220309	-41.248054
901.391849	-97.262584
901.563370	-111.266217
901.734873	-117.267774
901.906357	-101.263622
902.077823	-5.238713
902.249270	-65.254281
902.420698	-113.266736
902.592108	-59.252724
902.763499	-167.280747
902.934872	-99.263103
903.106227	-137.272963
903.277562	-69.255319
903.448879	-63.253762
903.620178	2.763363
903.791458	-31.245459
903.962720	-33.245978
904.133962	-111.266217
904.305187	-117.267774
904.476393	-43.248573
904.647580	-173.282304
904.818748	-149.276077
904.989898	-65.254281
905.161030	-99.263103
905.332143	-91.261028
905.503237	-63.253762
905.674313	-95.262065
905.845370	-137.272963
906.016408	-71.255838
906.187428	-167.280747
906.358430	-77.257395
906.529412	-149.276077
906.700377	-97.262584
906.871322	-89.260509
907.042249	-89.260509
907.213158	-79.257914
907.384047	-63.253762
907.554918	-137.272963
907.725771	-37.247016
907.896605	-137.272963
908.067420	-105.264660
908.238217	-89.260509
908.408995	-113.266736
908.579755	-75.256876
908.750496	-1.237675
908.921218	-125.269850
909.091922	-117.267774
909.262607	-77.257395
909.433273	-79.257914
909.603921	-1.237675
909.774550	-75.256876
909.945161	-27.244421
910.115752	-31.245459
910.286326	-121.268812
910.456880	-109.265698
910.627416	-119.268293
910.797934	-79.257914
910.968433	-93.261546
911.138913	-45.249092
911.309374	-123.269331
911.479817	-89.260509
911.650241	-125.269850
911.820647	-99.263103
911.991033	-143.274520
912.161402	-67.254800
912.331751	-73.256357
912.502082	-91.261028
912.672395	-47.249611
912.842688	-53.251168
913.012963	-71.255838
913.183219	-97.262584
913.353457	-63.253762
913.523676	-117.267774
913.693876	-95.262065
913.864058	-165.280228
914.034221	-105.264660
914.204365	-117.267774
914.374491	-59.252724
914.544598	-101.263622
914.714686	-155.277634
914.884756	-41.248054
915.054807	-63.253762
915.224839	-111.266217
915.394853	-91.261028
915.564847	-123.269331
915.734824	-125.269850
915.904781	-109.265698
916.074720	-65.254281
916.244640	-143.274520
916.414542	-79.257914
916.584424	-151.276596
916.754288	-119.268293
916.924134	-93.261546
917.093960	-97.262584
917.263768	-145.275039
917.433558	-141.274001
917.603328	-73.256357
917.773080	-103.264141
917.942813	-81.258433
918.112527	-101.263622
918.282223	-119.268293
918.451900	10.765439
918.621558	-153.277115
918.791198	-105.264660
918.960819	-111.266217
919.130421	-97.262584
919.300004	-55.251687
919.469569	-33.245978
919.639115	-101.263622
919.808642	-105.264660
919.978151	-73.256357
920.147641	-113.266736
920.317112	-77.257395
920.486564	-107.265179
920.655997	-81.258433
920.825412	-117.267774
920.994808	-85.259471
921.164186	-91.261028
921.333544	-75.256876
921.502884	-141.274001
921.672205	-31.245459
921.841508	-87.259990
922.010791	-107.265179
922.180056	-39.247535
922.349302	-79.257914
922.518530	-133.271925
922.687738	-57.252206
922.856928	-131.271406
923.026099	-69.255319
923.195252	-61.253243
923.364385	-111.266217
923.533500	-45.249092
923.702596	-131.271406
923.871673	-111.266217
924.040732	-135.272444
924.209771	-129.270887
924.378792	-91.261028
924.547795	-163.279709
924.716778	-149.276077
924.885743	14.766476
925.054688	-93.261546
925.223615	-67.254800
925.392524	-111.266217
925.561413	-119.268293
925.730284	-5.238713
925.899136	-27.244421
926.067969	-75.256876
926.236783	-85.259471
926.405579	-149.276077
926.574356	-63.253762
926.743114	-59.252724
926.911853	-79.257914
927.080573	-103.264141
927.249275	-99.263103
927.417957	-37.247016
927.586621	-147.275558
927.755266	-49.250130
927.923893	-169.281266
928.092500	-119.268293
928.261089	-127.270368
928.429659	-119.268293
928.598210	-81.258433
928.766742	-37.247016
928.935256	-117.267774
929.103750	-69.255319
929.272226	-193.287494
929.440683	-53.251168
929.609121	-71.255838
929.777540	-79.257914
929.945941	-131.271406
930.114322	-69.255319
930.282685	-95.262065
930.451029	-77.257395
930.619354	-81.258433
930.787661	-99.263103
930.955948	-83.258952
931.124217	-97.262584
931.292466	-55.251687
931.460697	-81.258433
931.628909	-119.268293
931.797103	-71.255838
931.965277	-109.265698
932.133433	-61.253243
932.301569	-29.244940
932.469687	-185.285418
932.637786	-81.258433
932.805866	-23.243383
932.973927	-167.280747
933.141970	-83.258952
933.309993	-89.260509
933.477998	-69.255319
933.645984	10.765439
933.813951	-65.254281
933.981899	-147.275558
934.149828	-85.259471
934.317738	-71.255838
934.485629	-39.247535
934.653502	-77.257395
934.821356	-91.261028
934.989190	-103.264141
935.157006	-169.281266
935.324803	-157.278153
935.492581	-59.252724
935.660341	-199.289050
935.828081	-113.266736
935.995802	-41.248054
936.163505	-111.266217
936.331189	-63.253762
936.498853	-25.243902
936.666499	-109.265698
936.834126	-65.254281
937.001734	-117.267774
937.169323	-49.250130
937.336894	-165.280228
937.504445	-147.275558
937.671977	-21.242865
937.839491	-75.256876
938.006985	-53.251168
938.174461	-71.255838
938.341918	-171.281785
938.509356	-143.274520
938.676775	-27.244421
938.844175	-39.247535
939.011556	-53.251168
939.178918	-71.255838
939.346261	-69.255319
939.513586	-71.255838
939.680891	-105.264660
939.848177	-43.248573
940.015445	-85.259471
940.182693	-35.246497
940.349923	-33.245978
940.517134	-101.263622
940.684326	-119.268293
940.851498	-87.259990
941.018652	-79.257914
941.185787	-29.244940
941.352903	-111.266217
941.520000	-69.255319
941.687078	-45.249092
941.854137	-33.245978
942.021178	-147.275558
942.188199	-73.256357
942.355201	-119.268293
942.522184	-103.264141
942.689149	-105.264660
942.856094	-95.262065
943.023021	-121.268812
943.189928	-89.260509
943.356817	-85.259471
943.523686	-85.259471
943.690537	-105.264660
943.857368	-129.270887
944.024181	-105.264660
944.190974	-163.279709
944.357749	-151.276596
944.524505	-101.263622
944.691241	-81.258433
944.857959	-41.248054
945.024658	-123.269331
945.191338	-41.248054
945.357998	-75.256876
945.524640	-53.251168
945.691263	-69.255319
945.857867	-111.266217
946.024451	-133.271925
946.191017	-39.247535
946.357564	-67.254800
946.524092	-59.252724
946.690601	-117.267774
946.857090	-115.267255
947.023561	-25.243902
947.190013	-119.268293
947.356446	-99.263103
947.522859	-39.247535
947.689254	-151.276596
947.855630	-57.252206
948.021986	-93.261546
948.188324	-95.262065
948.354643	-65.254281
948.520942	-85.259471
948.687223	-125.269850
948.853485	-75.256876
949.019727	-113.266736
949.185951	-69.255319
949.352155	-143.274520
949.518341	-47.249611
949.684507	-139.273482
949.850655	-73.256357
950.016783	-23.243383
950.182892	-109.265698
950.348983	-129.270887
950.515054	-59.252724
950.681106	-121.268812
950.847139	-137.272963
951.013153	-75.256876
951.179148	-77.257395
951.345124	-115.267255
951.511081	-105.264660
951.677019	-105.264660
951.842938	-91.261028
952.008838	-131.271406
952.174719	28.770109
952.340580	-25.243902
952.506423	-137.272963
952.672247	-71.255838
952.838051	-115.267255
953.003837	-103.264141
953.169603	-77.257395
953.335350	-93.261546
953.501078	-29.244940
953.666788	-83.258952
953.832478	-61.253243
953.998149	-91.261028
954.163800	-71.255838
954.329433	-119.268293
954.495047	-51.250649
954.660642	-131.271406
954.826217	-143.274520
954.991774	-57.252206
955.157311	-105.264660
955.322829	-47.249611
955.488329	-83.258952
955.653809	-81.258433
955.819270	-105.264660
955.984712	-129.270887
956.150134	-41.248054
956.315538	-111.266217
956.480923	-97.262584
956.646288	-61.253243
956.811635	-57.252206
956.976962	-85.259471
957.142270	-89.260509
957.307559	-141.274001
957.472829	-59.252724
957.638080	-109.265698
957.803312	-119.268293
957.968524	-57.252206
958.133718	-27.244421
958.298892	-87.259990
958.464047	-67.254800
958.629184	-57.252206
958.794301	-81.258433
958.959398	44.774261
959.124477	-89.260509
959.289537	-147.275558
959.454577	-125.269850
959.619598	-137.272963
959.784601	-67.254800
959.949584	-69.255319
960.114548	-35.246497
960.279492	-103.264141
960.444418	-85.259471
960.609324	-111.266217
960.774212	8.764920
960.939080	-127.270368
961.103929	-109.265698
961.268759	-31.245459
961.433569	-121.268812
961.598361	-73.256357
961.763133	-109.265698
961.927887	-91.261028
962.092621	-57.252206
962.257336	-97.262584
962.422031	-53.251168
962.586708	-107.265179
962.751365	-107.265179
962.916004	-73.256357
963.080623	-37.247016
963.245222	-27.244421
963.409803	-83.258952
963.574365	-51.250649
963.738907	-49.250130
963.903430	-95.262065
964.067934	-123.269331
964.232419	-111.266217
964.396885	-123.269331
964.561331	-73.256357
964.725758	-97.262584
964.890166	-75.256876
965.054555	-61.253243
965.218925	-111.266217
965.383275	-73.256357
965.547607	-57.252206
965.711919	-43.248573
965.876212	-39.247535
966.040485	-101.263622
966.204740	-105.264660
966.368975	-89.260509
966.533191	-111.266217
966.697388	-109.265698
966.861565	-67.254800
967.025724	-161.279190
967.189863	-37.247016
967.353983	-41.248054
967.518084	-119.268293
967.682165	-59.252724
967.846228	-109.265698
968.010271	-135.272444
968.174294	-145.275039
968.338299	-69.255319
968.502285	-59.252724
968.666251	-111.266217
968.830198	-93.261546
968.994125	-81.258433
969.158034	-55.251687
969.321923	-15.241308
969.485793	-61.253243
969.649644	-39.247535
969.813475	-113.266736
969.977288	-77.257395
970.141081	-81.258433
970.304854	-63.253762
970.468609	-113.266736
970.632344	-61.253243
970.796060	-123.269331
970.959757	-145.275039
971.123434	-85.259471
971.287093	-61.253243
971.450732	-71.255838
971.614351	-83.258952
971.777952	-145.275039
971.941533	-27.244421
972.105095	-111.266217
972.268638	-77.257395
972.432161	-67.254800
972.595665	-73.256357
972.759150	-147.275558
972.922616	-49.250130
973.086062	-95.262065
973.249489	-3.238194
973.412897	-93.261546
973.576285	-107.265179
973.739654	-125.269850
973.903004	-37.247016
974.066335	-55.251687
974.229646	-63.253762
974.392938	-71.255838
974.556211	-107.265179
974.719464	-91.261028
974.882698	-93.261546
975.045913	-125.269850
975.209109	-5.238713
975.372285	-87.259990
975.535442	-47.249611
975.698579	-95.262065
975.861698	-71.255838
976.024797	-91.261028
976.187876	-125.269850
976.350937	-109.265698
976.513978	-25.243902
976.677000	-69.255319
976.840002	-67.254800
977.002985	-39.247535
977.165949	-143.274520
977.328894	-85.259471
977.491819	-99.263103
977.654725	-103.264141
977.817611	-89.260509
977.980478	-137.272963
978.143326	-23.243383
978.306155	-39.247535
978.468964	-113.266736
978.631754	-29.244940
978.794524	-133.271925
978.957275	-137.272963
979.120007	-129.270887
979.282720	-137.272963
979.445413	-51.250649
979.608086	-111.266217
979.770741	-41.248054
979.933376	-185.285418
980.095992	-65.254281
980.258588	-139.273482
980.421165	-109.265698
980.583723	-77.257395
980.746261	-65.254281
980.908780	-117.267774
981.071280	-95.262065
981.233760	-163.279709
981.396221	-23.243383
981.558662	-137.272963
981.721084	-91.261028
981.883487	-61.253243
982.045871	-27.244421
982.208235	-73.256357
982.370579	-121.268812
982.532905	-75.256876
982.695210	-111.266217
982.857497	-95.262065
983.019764	-105.264660
983.182012	-141.274001
983.344240	-99.263103
983.506449	-153.277115
983.668639	-101.263622
983.830809	-129.270887
983.992960	-63.253762
984.155091	-71.255838
984.317203	-161.279190
984.479296	-75.256876
984.641369	-89.260509
984.803423	-81.258433
984.965457	-81.258433
985.127472	-101.263622
985.289468	-123.269331
985.451444	-105.264660
985.613401	-129.270887
985.775338	-177.283342
985.937256	-31.245459
986.099155	-19.242346
986.261034	-101.263622
986.422893	-53.251168
986.584734	-105.264660
986.746555	-97.262584
986.908356	-103.264141
987.070138	-99.263103
987.231901	-51.250649
987.393644	-17.241827
987.555367	-53.251168
987.717072	-121.268812
987.878757	-67.254800
988.040422	-7.239232
988.202068	-77.257395
988.363695	-131.271406
988.525302	-33.245978
988.686889	-79.257914
988.848458	-57.252206
989.010006	-99.263103
989.171536	-95.262065
989.333046	-1.237675
989.494536	-77.257395
989.656007	-145.275039
989.817458	-95.262065
989.978891	-89.260509
990.140303	-97.262584
990.301696	-79.257914
990.463070	-185.285418
990.624424	-121.268812
990.785759	-105.264660
990.947074	-125.269850
991.108370	-125.269850
991.269646	-105.264660
991.430903	-105.264660
991.592141	-121.268812
991.753359	-119.268293
991.914557	-75.256876
992.075736	-101.263622
992.236896	-121.268812
992.398036	-65.254281
992.559156	-89.260509
992.720257	-123.269331
992.881339	-75.256876
993.042401	-61.253243
993.203443	-37.247016
993.364466	-61.253243
993.525470	-95.262065
993.686454	-123.269331
993.847419	-11.240270
994.008364	-59.252724
994.169289	-123.269331
994.330196	-133.271925
994.491082	-111.266217
994.651949	8.764920
994.812797	-59.252724
994.973625	-71.255838
995.134433	-7.239232
995.295223	-85.259471
995.455992	-97.262584
995.616742	-71.255838
995.777473	-165.280228
995.938184	-73.256357
996.098875	-7.239232
996.259547	-97.262584
996.420199	-113.266736
996.580832	-87.259990
996.741446	-45.249092
996.902039	-101.263622
997.062614	-97.262584
997.223168	-29.244940
997.383704	-53.251168
997.544219	-55.251687
997.704716	-91.261028
997.865192	-85.259471
998.025649	-143.274520
998.186087	-103.264141
998.346505	-125.269850
998.506903	-67.254800
998.667282	-75.256876
998.827641	-109.265698
998.987981	-109.265698
999.148301	-115.267255
999.308602	-67.254800
999.468883	-115.267255
999.629145	-27.244421
999.789387	-103.264141
999.949609	-59.252724
1000.109812	-131.271406
1000.269995	-159.278672
1000.430159	-63.253762
1000.590303	-101.263622
1000.750428	-67.254800
1000.910533	-155.277634
1001.070618	-93.261546
1001.230684	-29.244940
1001.390730	-115.267255
1001.550757	-91.261028
1001.710764	-87.259990
1001.870752	-171.281785
1002.030720	-111.266217
1002.190668	-39.247535
1002.350597	-43.248573
1002.510506	-85.259471
1002.670395	-67.254800
1002.830265	-165.280228
1002.990116	-101.263622
1003.149947	-35.246497
1003.309758	-103.264141
1003.469550	-91.261028
1003.629322	-91.261028
1003.789074	-155.277634
1003.948807	-87.259990
1004.108520	-109.265698
1004.268213	-111.266217
1004.427887	-39.247535
1004.587542	-131.271406
1004.747177	-157.278153
1004.906792	-115.267255
1005.066387	-69.255319
1005.225963	-113.266736
1005.385519	-99.263103
1005.545056	-127.270368
1005.704573	-147.275558
1005.864070	-115.267255
1006.023548	22.768552
1006.183006	-79.257914
1006.342445	-157.278153
1006.501864	-83.258952
1006.661263	-115.267255
1006.820642	-73.256357
1006.980002	-85.259471
1007.139343	-107.265179
1007.298663	-151.276596
1007.457964	-87.259990
1007.617246	-53.251168
1007.776508	0.762844
1007.935750	-115.267255
1008.094972	-149.276077
1008.254175	-105.264660
1008.413358	-159.278672
1008.572522	-45.249092
1008.731665	-23.243383
1008.890790	-83.258952
1009.049894	-137.272963
1009.208979	-121.268812
1009.368044	-51.250649
1009.527090	-173.282304
1009.686115	-103.264141
1009.845122	-93.261546
1010.004108	-65.254281
1010.163075	-55.251687
1010.322022	-103.264141
1010.480950	-93.261546
1010.639857	-91.261028
1010.798745	-61.253243
1010.957614	-33.245978
1011.116463	-213.292683
1011.275292	-75.256876
1011.434101	-23.243383
1011.592891	-83.258952
1011.751661	-85.259471
1011.910411	-39.247535
1012.069142	-115.267255
1012.227853	-21.242865
1012.386544	-31.245459
1012.545215	-15.241308
1012.703867	-77.257395
1012.862499	-195.288012
1013.021112	-47.249611
1013.179705	-85.259471
1013.338278	-133.271925
1013.496831	-95.262065
1013.655364	-139.273482
1013.813878	-1.237675
1013.972372	-111.266217
1014.130847	-31.245459
1014.289302	-25.243902
1014.447737	-111.266217
1014.606152	-45.249092
1014.764547	-133.271925
1014.922923	-69.255319
1015.081279	-117.267774
1015.239616	-101.263622
1015.397932	-123.269331
1015.556229	-59.252724
1015.714507	-75.256876
1015.872764	-107.265179
1016.031002	-15.241308
1016.189220	-43.248573
1016.347418	-87.259990
1016.505597	-115.267255
1016.663755	-75.256876
1016.821894	-109.265698
1016.980014	-83.258952
1017.138113	-125.269850
1017.296193	-95.262065
1017.454253	-99.263103
1017.612293	-79.257914
1017.770314	-43.248573
1017.928314	-115.267255
1018.086295	-57.252206
1018.244257	-47.249611
1018.402198	-169.281266
1018.560120	-115.267255
1018.718022	-139.273482
1018.875904	-77.257395
1019.033766	-69.255319
1019.191609	-149.276077
1019.349432	-51.250649
1019.507235	-143.274520
1019.665018	-59.252724
1019.822782	-63.253762
1019.980525	-31.245459
1020.138249	-35.246497
1020.295954	-65.254281
1020.453638	-163.279709
1020.611303	-133.271925
1020.768947	-105.264660
1020.926573	-115.267255
1021.084178	-89.260509
1021.241763	-71.255838
1021.399329	-91.261028
1021.556875	-117.267774
1021.714401	-135.272444
1021.871907	-89.260509
1022.029394	-41.248054
1022.186860	-63.253762
1022.344307	-63.253762
1022.501734	-101.263622
1022.659141	-29.244940
1022.816529	-53.251168
1022.973896	-137.272963
1023.131244	-69.255319
1023.288572	-103.264141
1023.445880	-107.265179
1023.603169	-67.254800
1023.760437	-85.259471
1023.917686	-55.251687
1024.074915	-101.263622
1024.232124	-123.269331
1024.389313	-35.246497
1024.546482	-143.274520
1024.703632	2.763363
1024.860762	-131.271406
1025.017872	-15.241308
1025.174962	-123.269331
1025.332032	-97.262584
1025.489082	-87.259990
1025.646113	-123.269331
1025.803124	-85.259471
1025.960114	-87.259990
1026.117085	-97.262584
1026.274037	-73.256357
1026.430968	-95.262065
1026.587879	-91.261028
1026.744771	-65.254281
1026.901643	-113.266736
1027.058495	-149.276077
1027.215327	-73.256357
1027.372139	-143.274520
1027.528931	-61.253243
1027.685704	-69.255319
1027.842456	-23.243383
1027.999189	22.768552
1028.155902	-45.249092
1028.312595	-147.275558
1028.469268	-131.271406
1028.625921	-141.274001
1028.782554	-73.256357
1028.939168	-67.254800
1029.095761	-171.281785
1029.252335	-103.264141
1029.408889	-99.263103
1029.565423	-81.258433
1029.721937	-47.249611
1029.878431	-115.267255
1030.034905	-97.262584
1030.191360	-99.263103
1030.347794	-69.255319
1030.504209	-53.251168
1030.660604	-131.271406
1030.816978	-85.259471
1030.973333	-107.265179
1031.129668	-79.257914
1031.285984	-91.261028
1031.442279	-103.264141
1031.598554	-83.258952
1031.754809	40.773223
1031.911045	-129.270887
1032.067260	-91.261028
1032.223456	-73.256357
1032.379632	-115.267255
1032.535788	-61.253243
1032.691924	-45.249092
1032.848040	-45.249092
