344.945680	50.775817
345.162997	50.775817
345.380301	50.775817
345.597591	40.773223
345.814867	42.773742
346.032129	84.784639
346.249378	32.771147
346.466613	76.782564
346.683835	110.791386
346.901043	116.792942
347.118237	104.789829
347.335418	42.773742
347.552585	72.781526
347.769738	10.765439
347.986878	52.776336
348.204003	74.782045
348.421116	12.765957
348.638214	42.773742
348.855299	20.768033
349.072370	92.786715
349.289428	60.778412
349.506472	-35.246497
349.723502	120.793980
349.940518	36.772185
350.157521	72.781526
350.374510	160.804359
350.591485	28.770109
350.808447	26.769590
351.025395	156.803321
351.242329	82.784120
351.459250	94.787234
351.676157	80.783601
351.893050	40.773223
352.109930	120.793980
352.326795	40.773223
352.543647	6.764401
352.760486	82.784120
352.977310	86.785158
353.194121	50.775817
353.410919	82.784120
353.627702	74.782045
353.844472	20.768033
354.061228	106.790348
354.277970	44.774261
354.494699	88.785677
354.711414	28.770109
354.928115	136.798132
355.144802	68.780488
355.361476	68.780488
355.578136	38.772704
355.794782	72.781526
356.011415	106.790348
356.228034	56.777374
356.444639	128.796056
356.661230	38.772704
356.877808	130.796575
357.094371	52.776336
357.310921	50.775817
357.527458	38.772704
357.743980	18.767514
357.960489	88.785677
358.176984	116.792942
358.393465	80.783601
358.609933	82.784120
358.826387	92.786715
359.042827	82.784120
359.259253	136.798132
359.475666	122.794499
359.692064	64.779450
359.908449	40.773223
360.124821	4.763882
360.341178	34.771666
360.557522	144.800208
360.773852	130.796575
360.990168	90.786196
361.206470	140.799170
361.422759	88.785677
361.639033	38.772704
361.855294	40.773223
362.071542	24.769071
362.287775	72.781526
362.503995	98.788272
362.720201	198.814219
362.936393	86.785158
363.152571	62.778931
363.368735	54.776855
363.584886	116.792942
363.801023	102.789310
364.017146	102.789310
364.233255	42.773742
364.449351	102.789310
364.665433	52.776336
364.881500	2.763363
365.097554	86.785158
365.313595	76.782564
365.529621	138.798651
365.745634	92.786715
365.961633	48.775298
366.177618	102.789310
366.393589	56.777374
366.609546	64.779450
366.825490	12.765957
367.041419	82.784120
367.257335	-1.237675
367.473237	90.786196
367.689126	50.775817
367.905000	104.789829
368.120861	60.778412
368.336707	22.768552
368.552540	60.778412
368.768359	100.788791
368.984165	50.775817
369.199956	60.778412
369.415734	70.781007
369.631497	100.788791
369.847247	156.803321
370.062983	108.790867
370.278705	20.768033
370.494414	86.785158
370.710108	64.779450
370.925789	96.787753
371.141456	120.793980
371.357108	20.768033
371.572747	86.785158
371.788373	86.785158
372.003984	66.779969
372.219581	106.790348
372.435165	100.788791
372.650735	138.798651
372.866291	106.790348
373.081833	104.789829
373.297361	96.787753
373.512875	76.782564
373.728375	24.769071
373.943862	28.770109
374.159334	110.791386
374.374793	106.790348
374.590238	76.782564
374.805669	78.783083
375.021086	68.780488
375.236489	70.781007
375.451878	64.779450
375.667254	80.783601
375.882615	202.815257
376.097963	120.793980
376.313296	42.773742
376.528616	58.777893
376.743922	154.802802
376.959214	72.781526
377.174492	102.789310
377.389756	-35.246497
377.605007	100.788791
377.820243	88.785677
378.035466	102.789310
378.250674	58.777893
378.465869	52.776336
378.681050	56.777374
378.896216	110.791386
379.111369	30.770628
379.326508	36.772185
379.541633	28.770109
379.756744	42.773742
379.971841	78.783083
380.186925	50.775817
380.401994	152.802283
380.617049	64.779450
380.832091	44.774261
381.047118	118.793461
381.262132	148.801245
381.477132	102.789310
381.692117	62.778931
381.907089	104.789829
382.122047	98.788272
382.336991	72.781526
382.551921	90.786196
382.766837	134.797613
382.981739	58.777893
383.196627	48.775298
383.411501	34.771666
383.626361	32.771147
383.841207	134.797613
384.056040	64.779450
384.270858	110.791386
384.485662	112.791905
384.700453	94.787234
384.915229	74.782045
385.129992	62.778931
385.344740	66.779969
385.559475	90.786196
385.774195	34.771666
385.988902	144.800208
386.203594	126.795537
386.418273	148.801245
386.632937	16.766995
386.847588	48.775298
387.062225	34.771666
387.276847	94.787234
387.491456	48.775298
387.706051	14.766476
387.920631	78.783083
388.135198	32.771147
388.349751	94.787234
388.564290	90.786196
388.778814	78.783083
388.993325	90.786196
389.207822	74.782045
389.422305	74.782045
389.636773	96.787753
389.851228	106.790348
390.065669	144.800208
390.280095	124.795018
390.494508	48.775298
390.708907	94.787234
390.923291	0.762844
391.137662	98.788272
391.352019	92.786715
391.566361	66.779969
391.780690	42.773742
391.995004	74.782045
392.209305	108.790867
392.423592	56.777374
392.637864	132.797094
392.852122	92.786715
393.066367	84.784639
393.280597	32.771147
393.494814	34.771666
393.709016	80.783601
393.923204	52.776336
394.137379	80.783601
394.351539	70.781007
394.565685	52.776336
394.779817	14.766476
394.993935	200.814738
395.208039	158.803840
395.422129	114.792423
395.636205	56.777374
395.850267	94.787234
396.064315	62.778931
396.278348	30.770628
396.492368	84.784639
396.706374	138.798651
396.920365	34.771666
397.134343	94.787234
397.348306	98.788272
397.562256	132.797094
397.776191	72.781526
397.990112	80.783601
398.204019	66.779969
398.417912	72.781526
398.631791	104.789829
398.845656	86.785158
399.059507	50.775817
399.273344	116.792942
399.487167	50.775817
399.700975	178.809030
399.914770	118.793461
400.128550	120.793980
400.342317	100.788791
400.556069	124.795018
400.769807	96.787753
400.983531	106.790348
401.197241	30.770628
401.410937	88.785677
401.624619	40.773223
401.838286	158.803840
402.051940	68.780488
402.265579	90.786196
402.479205	98.788272
402.692816	38.772704
402.906413	138.798651
403.119996	68.780488
403.333565	12.765957
403.547120	40.773223
403.760660	62.778931
403.974187	136.798132
404.187699	112.791905
404.401198	60.778412
404.614682	46.774779
404.828152	166.805916
405.041608	82.784120
405.255050	38.772704
405.468477	44.774261
405.681891	50.775817
405.895290	102.789310
406.108676	68.780488
406.322047	78.783083
406.535404	84.784639
406.748747	56.777374
406.962075	134.797613
407.175390	56.777374
407.388690	110.791386
407.601976	92.786715
407.815249	58.777893
408.028507	118.793461
408.241750	110.791386
408.454980	70.781007
408.668196	64.779450
408.881397	36.772185
409.094584	54.776855
409.307757	106.790348
409.520916	146.800727
409.734061	66.779969
409.947191	44.774261
410.160307	30.770628
410.373410	76.782564
410.586498	84.784639
410.799572	68.780488
411.012631	88.785677
411.225677	54.776855
411.438708	96.787753
411.651725	92.786715
411.864728	104.789829
412.077717	34.771666
412.290691	54.776855
412.503652	118.793461
412.716598	60.778412
412.929530	78.783083
413.142448	104.789829
413.355351	66.779969
413.568241	14.766476
413.781116	84.784639
413.993977	78.783083
414.206824	82.784120
414.419656	72.781526
414.632475	74.782045
414.845279	136.798132
415.058069	106.790348
415.270845	84.784639
415.483606	102.789310
415.696354	80.783601
415.909087	118.793461
416.121806	24.769071
416.334511	64.779450
416.547201	130.796575
416.759877	102.789310
416.972539	62.778931
417.185187	18.767514
417.397821	66.779969
417.610440	20.768033
417.823045	106.790348
418.035636	66.779969
418.248213	124.795018
418.460775	72.781526
418.673323	80.783601
418.885857	72.781526
419.098377	24.769071
419.310883	32.771147
419.523374	86.785158
419.735851	46.774779
419.948313	106.790348
420.160762	90.786196
420.373196	70.781007
420.585616	78.783083
420.798022	90.786196
421.010413	108.790867
421.222791	48.775298
421.435153	178.809030
421.647502	146.800727
421.859837	60.778412
422.072157	72.781526
422.284463	78.783083
422.496754	116.792942
422.709032	100.788791
422.921295	44.774261
423.133543	142.799689
423.345778	110.791386
423.557998	80.783601
423.770204	36.772185
423.982396	108.790867
424.194573	58.777893
424.406736	90.786196
424.618885	54.776855
424.831020	104.789829
425.043140	76.782564
425.255246	88.785677
425.467338	60.778412
425.679415	94.787234
425.891478	74.782045
426.103527	52.776336
426.315561	162.804878
426.527582	88.785677
426.739588	102.789310
426.951579	96.787753
427.163556	52.776336
427.375519	48.775298
427.587468	-25.243902
427.799402	70.781007
428.011322	-9.239751
428.223228	64.779450
428.435119	54.776855
428.646997	102.789310
428.858859	102.789310
429.070708	122.794499
429.282542	94.787234
429.494362	78.783083
429.706167	58.777893
429.917958	-5.238713
430.129735	64.779450
430.341497	150.801764
430.553246	102.789310
430.764979	84.784639
430.976699	96.787753
431.188404	86.785158
431.400095	46.774779
431.611771	62.778931
431.823433	104.789829
432.035081	74.782045
432.246714	58.777893
432.458334	110.791386
432.669938	122.794499
432.881529	122.794499
433.093105	52.776336
433.304666	76.782564
433.516213	90.786196
433.727746	32.771147
433.939265	92.786715
434.150769	132.797094
434.362259	68.780488
434.573734	224.820965
434.785196	170.806954
434.996642	168.806435
435.208075	64.779450
435.419493	168.806435
435.630896	202.815257
435.842285	188.811624
436.053660	78.783083
436.265021	106.790348
436.476367	106.790348
436.687699	104.789829
436.899016	112.791905
437.110319	82.784120
437.321607	52.776336
437.532881	116.792942
437.744141	70.781007
437.955387	10.765439
438.166618	124.795018
438.377834	144.800208
438.589036	52.776336
438.800224	130.796575
439.011397	88.785677
439.222556	24.769071
439.433701	10.765439
439.644831	144.800208
439.855947	84.784639
440.067048	14.766476
440.278135	126.795537
440.489208	96.787753
440.700266	66.779969
440.911309	68.780488
441.122339	26.769590
441.333353	66.779969
441.544354	78.783083
441.755340	52.776336
441.966311	16.766995
442.177268	72.781526
442.388211	104.789829
442.599139	74.782045
442.810053	108.790867
443.020953	114.792423
443.231837	122.794499
443.442708	178.809030
443.653564	60.778412
443.864406	40.773223
444.075233	76.782564
444.286046	60.778412
444.496844	64.779450
444.707628	64.779450
444.918397	98.788272
445.129152	16.766995
445.339893	32.771147
445.550619	110.791386
445.761330	22.768552
445.972027	-11.240270
446.182710	62.778931
446.393378	34.771666
446.604032	30.770628
446.814671	122.794499
447.025296	96.787753
447.235906	62.778931
447.446502	128.796056
447.657083	54.776855
447.867650	132.797094
448.078203	146.800727
448.288741	106.790348
448.499264	54.776855
448.709773	138.798651
448.920268	124.795018
449.130748	68.780488
449.341213	152.802283
449.551664	162.804878
449.762101	44.774261
449.972523	84.784639
450.182930	88.785677
450.393323	90.786196
450.603702	152.802283
450.814066	84.784639
451.024415	72.781526
451.234751	150.801764
451.445071	136.798132
451.655377	54.776855
451.865669	60.778412
452.075946	126.795537
452.286208	2.763363
452.496456	110.791386
452.706690	78.783083
452.916909	24.769071
453.127113	110.791386
453.337303	52.776336
453.547479	26.769590
453.757639	86.785158
453.967786	70.781007
454.177918	82.784120
454.388035	84.784639
454.598138	72.781526
454.808226	62.778931
455.018300	130.796575
455.228359	152.802283
455.438404	32.771147
455.648434	86.785158
455.858449	74.782045
456.068450	128.796056
456.278437	98.788272
456.488409	174.807992
456.698366	82.784120
456.908309	104.789829
457.118237	6.764401
457.328151	116.792942
457.538050	70.781007
457.747935	116.792942
457.957805	102.789310
458.167660	70.781007
458.377501	108.790867
458.587328	38.772704
458.797140	76.782564
459.006937	70.781007
459.216719	58.777893
459.426488	48.775298
459.636241	42.773742
459.845980	52.776336
460.055704	50.775817
460.265414	32.771147
460.475110	54.776855
460.684790	68.780488
460.894456	64.779450
461.104108	176.808511
461.313745	86.785158
461.523367	22.768552
461.732975	84.784639
461.942568	146.800727
462.152147	82.784120
462.361710	94.787234
462.571260	-1.237675
462.780795	124.795018
462.990315	68.780488
463.199820	28.770109
463.409311	22.768552
463.618788	78.783083
463.828249	56.777374
464.037697	56.777374
464.247129	80.783601
464.456547	26.769590
464.665950	150.801764
464.875339	126.795537
465.084713	78.783083
465.294073	98.788272
465.503418	60.778412
465.712748	138.798651
465.922063	94.787234
466.131364	98.788272
466.340651	80.783601
466.549922	48.775298
466.759180	80.783601
466.968422	-9.239751
467.177650	88.785677
467.386863	82.784120
467.596062	22.768552
467.805246	142.799689
468.014415	38.772704
468.223569	86.785158
468.432709	-15.241308
468.641835	82.784120
468.850945	50.775817
469.060042	94.787234
469.269123	42.773742
469.478190	178.809030
469.687242	40.773223
469.896279	136.798132
470.105302	14.766476
470.314310	96.787753
470.523304	72.781526
470.732282	98.788272
470.941247	30.770628
471.150196	34.771666
471.359131	78.783083
471.568051	106.790348
471.776956	60.778412
471.985847	94.787234
472.194723	28.770109
472.403585	106.790348
472.612432	96.787753
472.821264	76.782564
473.030081	50.775817
473.238884	80.783601
473.447672	120.793980
473.656445	66.779969
473.865204	92.786715
474.073948	44.774261
474.282677	98.788272
474.491392	206.816295
474.700092	104.789829
474.908777	108.790867
475.117447	92.786715
475.326103	96.787753
475.534744	106.790348
475.743371	54.776855
475.951982	128.796056
476.160579	24.769071
476.369161	74.782045
476.577729	68.780488
476.786282	66.779969
476.994820	82.784120
477.203343	66.779969
477.411852	60.778412
477.620346	116.792942
477.828825	92.786715
478.037290	112.791905
478.245740	76.782564
478.454175	176.808511
478.662595	136.798132
478.871001	68.780488
479.079392	78.783083
479.287768	80.783601
479.496129	138.798651
479.704476	110.791386
479.912808	36.772185
480.121125	2.763363
480.329428	118.793461
480.537715	4.763882
480.745988	30.770628
480.954247	96.787753
481.162490	96.787753
481.370719	94.787234
481.578933	60.778412
481.787132	114.792423
481.995316	98.788272
482.203486	106.790348
482.411641	58.777893
482.619781	40.773223
482.827907	52.776336
483.036017	8.764920
483.244113	116.792942
483.452194	76.782564
483.660261	106.790348
483.868312	100.788791
484.076349	138.798651
484.284371	92.786715
484.492379	64.779450
484.700371	124.795018
484.908349	60.778412
485.116312	60.778412
485.324260	72.781526
485.532193	26.769590
485.740112	136.798132
485.948016	92.786715
486.155905	104.789829
486.363779	62.778931
486.571638	88.785677
486.779483	58.777893
486.987313	100.788791
487.195128	94.787234
487.402928	122.794499
487.610713	118.793461
487.818484	56.777374
488.026240	140.799170
488.233981	78.783083
488.441707	116.792942
488.649419	50.775817
488.857115	26.769590
489.064797	56.777374
489.272464	146.800727
489.480116	52.776336
489.687753	16.766995
489.895376	88.785677
490.102983	90.786196
490.310576	88.785677
490.518154	128.796056
490.725718	126.795537
490.933266	90.786196
491.140799	56.777374
491.348318	94.787234
491.555822	78.783083
491.763311	74.782045
491.970785	84.784639
492.178245	70.781007
492.385689	82.784120
492.593119	-13.240789
492.800534	172.807473
493.007934	136.798132
493.215319	114.792423
493.422689	56.777374
493.630044	136.798132
493.837385	68.780488
494.044711	98.788272
494.252022	92.786715
494.459318	78.783083
494.666599	66.779969
494.873865	148.801245
495.081116	36.772185
495.288353	80.783601
495.495575	94.787234
495.702782	76.782564
495.909973	140.799170
496.117151	128.796056
496.324313	102.789310
496.531460	62.778931
496.738593	60.778412
496.945710	148.801245
497.152813	122.794499
497.359901	14.766476
497.566974	134.797613
497.774032	20.768033
497.981075	88.785677
498.188103	132.797094
498.395116	42.773742
498.602115	110.791386
498.809098	120.793980
499.016067	30.770628
499.223021	124.795018
499.429960	52.776336
499.636884	86.785158
499.843793	70.781007
500.050687	94.787234
500.257566	116.792942
500.464431	32.771147
500.671280	98.788272
500.878115	6.764401
501.084934	70.781007
501.291739	88.785677
501.498529	118.793461
501.705304	72.781526
501.912063	22.768552
502.118809	118.793461
502.325539	50.775817
502.532254	82.784120
502.738954	54.776855
502.945639	74.782045
503.152310	34.771666
503.358965	80.783601
503.565606	72.781526
503.772231	38.772704
503.978842	120.793980
504.185438	84.784639
504.392018	78.783083
504.598584	126.795537
504.805135	6.764401
505.011671	66.779969
505.218192	64.779450
505.424698	118.793461
505.631189	138.798651
505.837665	14.766476
506.044127	68.780488
506.250573	82.784120
506.457004	58.777893
506.663420	-19.242346
506.869822	150.801764
507.076208	48.775298
507.282579	116.792942
507.488936	60.778412
507.695277	44.774261
507.901604	50.775817
508.107915	30.770628
508.314212	0.762844
508.520494	36.772185
508.726760	104.789829
508.933012	108.790867
509.139248	90.786196
509.345470	150.801764
509.551677	96.787753
509.757869	34.771666
509.964045	52.776336
510.170207	68.780488
510.376354	34.771666
510.582485	94.787234
510.788602	36.772185
510.994704	112.791905
511.200791	20.768033
511.406862	64.779450
511.612919	86.785158
511.818961	92.786715
512.024988	70.781007
512.230999	64.779450
512.436996	74.782045
512.642978	46.774779
512.848945	96.787753
513.054896	34.771666
513.260833	98.788272
513.466755	32.771147
513.672661	18.767514
513.878553	138.798651
514.084429	56.777374
514.290291	84.784639
514.496138	110.791386
514.701969	64.779450
514.907786	28.770109
515.113587	126.795537
515.319373	36.772185
515.525145	86.785158
515.730901	102.789310
515.936642	112.791905
516.142369	90.786196
516.348080	100.788791
516.553776	34.771666
516.759457	58.777893
516.965123	98.788272
517.170775	52.776336
517.376411	12.765957
517.582032	132.797094
517.787637	88.785677
517.993228	84.784639
518.198804	68.780488
518.404365	68.780488
518.609910	100.788791
518.815441	50.775817
519.020957	16.766995
519.226457	92.786715
519.431943	60.778412
519.637413	92.786715
519.842868	40.773223
520.048308	142.799689
520.253734	20.768033
520.459144	144.800208
520.664539	-7.239232
520.869919	54.776855
521.075283	70.781007
521.280633	92.786715
521.485968	90.786196
521.691287	170.806954
521.896592	98.788272
522.101881	82.784120
522.307155	40.773223
522.512415	36.772185
522.717659	108.790867
522.922888	32.771147
523.128102	20.768033
523.333301	58.777893
523.538484	32.771147
523.743653	76.782564
523.948806	34.771666
524.153945	104.789829
524.359068	104.789829
524.564176	22.768552
524.769269	124.795018
524.974347	124.795018
525.179410	-13.240789
525.384458	70.781007
525.589491	90.786196
525.794508	48.775298
525.999511	56.777374
526.204498	168.806435
526.409470	74.782045
526.614427	108.790867
526.819369	86.785158
527.024296	74.782045
527.229207	66.779969
527.434104	60.778412
527.638985	76.782564
527.843851	114.792423
528.048702	52.776336
528.253538	52.776336
528.458359	52.776336
528.663165	28.770109
528.867955	88.785677
529.072730	56.777374
529.277491	104.789829
529.482236	32.771147
529.686966	80.783601
529.891680	94.787234
530.096380	186.811105
530.301064	46.774779
530.505734	98.788272
530.710388	46.774779
530.915027	110.791386
531.119650	56.777374
531.324259	42.773742
531.528852	100.788791
531.733431	146.800727
531.937994	86.785158
532.142542	106.790348
532.347075	12.765957
532.551592	108.790867
532.756094	36.772185
532.960582	74.782045
533.165054	172.807473
533.369511	104.789829
533.573952	144.800208
533.778379	48.775298
533.982790	140.799170
534.187186	68.780488
534.391567	66.779969
534.595933	118.793461
534.800283	74.782045
535.004619	72.781526
535.208939	64.779450
535.413244	52.776336
535.617533	158.803840
535.821808	144.800208
536.026067	126.795537
536.230311	62.778931
536.434540	144.800208
536.638754	34.771666
536.842952	130.796575
537.047136	78.783083
537.251304	98.788272
537.455456	130.796575
537.659594	84.784639
537.863716	112.791905
538.067823	118.793461
538.271915	48.775298
538.475992	128.796056
538.680054	72.781526
538.884100	94.787234
539.088131	118.793461
539.292147	82.784120
539.496147	54.776855
539.700132	82.784120
539.904103	98.788272
540.108057	146.800727
540.311997	76.782564
540.515921	102.789310
540.719830	164.805397
540.923724	124.795018
541.127603	160.804359
541.331466	56.777374
541.535314	242.825636
541.739147	164.805397
541.942965	180.809549
542.146767	182.810067
542.350554	86.785158
542.554326	128.796056
542.758082	192.812662
542.961824	244.826155
543.165550	146.800727
543.369260	250.827711
543.572956	162.804878
543.776636	190.812143
543.980301	188.811624
544.183951	208.816814
544.387585	132.797094
544.591204	160.804359
544.794808	162.804878
544.998397	184.810586
545.201970	202.815257
545.405528	204.815776
545.609070	250.827711
545.812598	256.829268
546.016110	290.838090
546.219607	280.835496
546.423088	304.841723
546.626554	112.791905
546.830005	134.797613
547.033441	96.787753
547.236861	194.813181
547.440266	190.812143
547.643656	150.801764
547.847031	134.797613
548.050390	154.802802
548.253733	96.787753
548.457062	82.784120
548.660375	134.797613
548.863673	158.803840
549.066955	56.777374
549.270223	102.789310
549.473475	168.806435
549.676711	134.797613
549.879932	98.788272
550.083138	134.797613
550.286329	110.791386
550.489504	146.800727
550.692664	110.791386
550.895809	188.811624
551.098938	134.797613
551.302052	106.790348
551.505151	108.790867
551.708234	134.797613
551.911302	92.786715
552.114355	66.779969
552.317392	176.808511
552.520414	56.777374
552.723420	122.794499
552.926411	96.787753
553.129387	152.802283
553.332348	170.806954
553.535293	38.772704
553.738223	60.778412
553.941137	106.790348
554.144036	106.790348
554.346920	80.783601
554.549788	-5.238713
554.752641	140.799170
554.955479	84.784639
555.158301	68.780488
555.361108	94.787234
555.563900	96.787753
555.766676	96.787753
555.969437	84.784639
556.172182	20.768033
556.374912	74.782045
556.577627	50.775817
556.780326	90.786196
556.983010	64.779450
557.185678	108.790867
557.388331	108.790867
557.590969	100.788791
557.793591	92.786715
557.996198	18.767514
558.198790	88.785677
558.401366	140.799170
558.603927	24.769071
558.806472	80.783601
559.009002	52.776336
559.211517	42.773742
559.414016	32.771147
559.616499	-37.247016
559.818968	110.791386
560.021421	160.804359
560.223858	56.777374
560.426280	134.797613
560.628687	160.804359
560.831078	54.776855
561.033454	154.802802
561.235815	66.779969
561.438160	118.793461
561.640489	82.784120
561.842803	50.775817
562.045102	48.775298
562.247385	92.786715
562.449653	82.784120
562.651906	0.762844
562.854143	52.776336
563.056364	110.791386
563.258570	100.788791
563.460761	156.803321
563.662936	46.774779
563.865096	92.786715
564.067241	98.788272
564.269369	16.766995
564.471483	60.778412
564.673581	14.766476
564.875664	68.780488
565.077731	76.782564
565.279782	66.779969
565.481819	120.793980
565.683839	30.770628
565.885845	60.778412
566.087835	148.801245
566.289809	84.784639
566.491768	74.782045
566.693711	34.771666
566.895639	52.776336
567.097552	76.782564
567.299449	108.790867
567.501330	48.775298
567.703197	136.798132
567.905047	36.772185
568.106882	100.788791
568.308702	108.790867
568.510506	114.792423
568.712295	10.765439
568.914068	52.776336
569.115826	112.791905
569.317568	200.814738
569.519295	92.786715
569.721006	72.781526
569.922702	72.781526
570.124382	54.776855
570.326047	170.806954
570.527696	72.781526
570.729330	94.787234
570.930948	98.788272
571.132551	138.798651
571.334138	12.765957
571.535710	42.773742
571.737266	106.790348
571.938807	144.800208
572.140332	80.783601
572.341842	44.774261
572.543336	24.769071
572.744815	96.787753
572.946278	58.777893
573.147726	34.771666
573.349158	132.797094
573.550575	94.787234
573.751976	54.776855
573.953361	172.807473
574.154731	28.770109
574.356086	100.788791
574.557425	94.787234
574.758748	78.783083
574.960056	68.780488
575.161348	76.782564
575.362625	116.792942
575.563886	94.787234
575.765132	94.787234
575.966362	44.774261
576.167577	36.772185
576.368776	120.793980
576.569959	54.776855
576.771127	58.777893
576.972280	100.788791
577.173417	92.786715
577.374538	82.784120
577.575644	118.793461
577.776734	96.787753
577.977809	120.793980
578.178868	104.789829
578.379911	60.778412
578.580939	142.799689
578.781951	62.778931
578.982948	70.781007
579.183929	158.803840
579.384895	132.797094
579.585845	126.795537
579.786780	166.805916
579.987699	86.785158
580.188602	158.803840
580.389490	84.784639
580.590362	134.797613
580.791218	82.784120
580.992059	118.793461
581.192885	154.802802
581.393695	80.783601
581.594489	118.793461
581.795267	116.792942
581.996031	62.778931
582.196778	64.779450
582.397510	86.785158
582.598226	138.798651
582.798927	64.779450
582.999612	138.798651
583.200281	130.796575
583.400935	102.789310
583.601573	148.801245
583.802196	78.783083
584.002803	108.790867
584.203394	108.790867
584.403970	-1.237675
584.604530	44.774261
584.805074	102.789310
585.005603	100.788791
585.206116	80.783601
585.406614	166.805916
585.607096	136.798132
585.807562	62.778931
586.008013	100.788791
586.208448	122.794499
586.408868	66.779969
586.609272	138.798651
586.809660	102.789310
587.010032	120.793980
587.210389	44.774261
587.410731	128.796056
587.611056	116.792942
587.811366	138.798651
588.011660	82.784120
588.211939	104.789829
588.412202	54.776855
588.612450	132.797094
588.812681	156.803321
589.012897	60.778412
589.213098	86.785158
589.413283	142.799689
589.613452	136.798132
589.813605	52.776336
590.013743	32.771147
590.213865	170.806954
590.413971	54.776855
590.614062	118.793461
590.814137	40.773223
591.014197	34.771666
591.214240	136.798132
591.414268	94.787234
591.614281	106.790348
591.814277	106.790348
592.014258	80.783601
592.214224	82.784120
592.414173	110.791386
592.614107	104.789829
592.814026	56.777374
593.013928	106.790348
593.213815	24.769071
593.413686	6.764401
593.613542	54.776855
593.813382	118.793461
594.013206	24.769071
594.213014	158.803840
594.412807	98.788272
594.612584	38.772704
594.812345	46.774779
595.012091	122.794499
595.211820	94.787234
595.411535	0.762844
595.611233	34.771666
595.810916	26.769590
596.010583	44.774261
596.210234	86.785158
596.409870	-5.238713
596.609489	52.776336
596.809093	80.783601
597.008682	76.782564
597.208255	86.785158
597.407811	120.793980
597.607353	60.778412
597.806878	130.796575
598.006388	96.787753
598.205882	-21.242865
598.405360	90.786196
598.604823	132.797094
598.804269	136.798132
599.003701	146.800727
599.203116	132.797094
599.402515	44.774261
599.601899	76.782564
599.801267	50.775817
600.000620	148.801245
600.199956	136.798132
600.399277	48.775298
600.598582	104.789829
600.797871	84.784639
600.997145	92.786715
601.196402	74.782045
601.395644	82.784120
601.594871	126.795537
601.794081	132.797094
601.993276	108.790867
602.192455	88.785677
602.391618	68.780488
602.590765	34.771666
602.789897	124.795018
602.989013	136.798132
603.188113	70.781007
603.387197	100.788791
603.586266	84.784639
603.785318	56.777374
603.984355	34.771666
604.183376	98.788272
604.382382	92.786715
604.581371	112.791905
604.780345	110.791386
604.979303	56.777374
605.178245	128.796056
605.377171	48.775298
605.576082	166.805916
605.774977	130.796575
605.973856	118.793461
606.172719	98.788272
606.371566	114.792423
606.570398	114.792423
606.769214	68.780488
606.968013	58.777893
607.166798	32.771147
607.365566	104.789829
607.564318	40.773223
607.763055	116.792942
607.961776	96.787753
608.160481	50.775817
608.359170	146.800727
608.557843	106.790348
608.756501	96.787753
608.955143	126.795537
609.153769	32.771147
609.352379	80.783601
609.550973	108.790867
609.749551	66.779969
609.948114	178.809030
610.146661	94.787234
610.345191	114.792423
610.543706	232.823041
610.742206	252.828230
610.940689	288.837571
611.139156	258.829787
611.337608	180.809549
611.536044	310.843280
611.734464	208.816814
611.932868	270.832901
612.131256	296.839647
612.329628	236.824079
612.527985	182.810067
612.726326	202.815257
612.924650	254.828749
613.122959	166.805916
613.321252	200.814738
613.519530	142.799689
613.717791	100.788791
613.916036	166.805916
614.114266	142.799689
614.312480	134.797613
614.510677	150.801764
614.708859	68.780488
614.907025	134.797613
615.105176	126.795537
615.303310	134.797613
615.501428	46.774779
615.699531	132.797094
615.897617	114.792423
616.095688	78.783083
616.293743	102.789310
616.491782	162.804878
616.689805	136.798132
616.887812	84.784639
617.085803	142.799689
617.283779	46.774779
617.481738	84.784639
617.679682	46.774779
617.877609	92.786715
618.075521	78.783083
618.273417	10.765439
618.471297	68.780488
618.669161	134.797613
618.867009	36.772185
619.064841	54.776855
619.262657	116.792942
619.460458	92.786715
619.658242	166.805916
619.856011	172.807473
620.053763	94.787234
620.251500	120.793980
620.449221	60.778412
620.646925	86.785158
620.844614	100.788791
621.042287	98.788272
621.239944	78.783083
621.437585	48.775298
621.635210	106.790348
621.832819	124.795018
622.030413	76.782564
622.227990	46.774779
622.425551	118.793461
622.623097	96.787753
622.820626	140.799170
623.018139	100.788791
623.215637	138.798651
623.413119	78.783083
623.610584	86.785158
623.808034	-11.240270
624.005468	116.792942
624.202885	12.765957
624.400287	38.772704
624.597673	66.779969
624.795043	92.786715
624.992397	60.778412
625.189735	64.779450
625.387057	50.775817
625.584362	100.788791
625.781652	72.781526
625.978926	116.792942
626.176185	102.789310
626.373427	96.787753
626.570653	104.789829
626.767863	62.778931
626.965057	64.779450
627.162235	78.783083
627.359397	102.789310
627.556543	142.799689
627.753673	174.807992
627.950788	118.793461
628.147886	66.779969
628.344968	110.791386
628.542034	54.776855
628.739084	158.803840
628.936118	114.792423
629.133137	100.788791
629.330139	118.793461
629.527125	22.768552
629.724095	114.792423
629.921049	108.790867
630.117987	60.778412
630.314909	106.790348
630.511815	110.791386
630.708705	124.795018
630.905579	48.775298
631.102437	60.778412
631.299279	108.790867
631.496105	66.779969
631.692915	76.782564
631.889709	98.788272
632.086487	124.795018
632.283249	108.790867
632.479995	104.789829
632.676725	124.795018
632.873438	148.801245
633.070136	112.791905
633.266818	32.771147
633.463483	126.795537
633.660133	44.774261
633.856767	80.783601
634.053384	186.811105
634.249986	46.774779
634.446571	142.799689
634.643140	60.778412
634.839694	102.789310
635.036231	84.784639
635.232752	78.783083
635.429257	102.789310
635.625746	4.763882
635.822219	62.778931
636.018676	76.782564
636.215117	106.790348
636.411542	58.777893
636.607950	52.776336
636.804343	38.772704
637.000720	60.778412
637.197080	68.780488
637.393425	20.768033
637.589753	56.777374
637.786065	70.781007
637.982361	56.777374
638.178642	100.788791
638.374906	56.777374
638.571154	70.781007
638.767385	122.794499
638.963601	42.773742
639.159801	92.786715
639.355984	102.789310
639.552152	102.789310
639.748303	124.795018
639.944438	28.770109
640.140558	84.784639
640.336661	46.774779
640.532748	130.796575
640.728819	80.783601
640.924873	52.776336
641.120912	24.769071
641.316935	146.800727
641.512941	100.788791
641.708931	126.795537
641.904906	32.771147
642.100864	46.774779
642.296806	8.764920
642.492731	24.769071
642.688641	90.786196
642.884535	186.811105
643.080412	138.798651
643.276274	54.776855
643.472119	70.781007
643.667948	56.777374
643.863761	32.771147
644.059558	124.795018
644.255338	46.774779
644.451103	70.781007
644.646851	78.783083
644.842583	106.790348
645.038300	64.779450
645.234000	38.772704
645.429683	158.803840
645.625351	102.789310
645.821003	76.782564
646.016638	122.794499
646.212257	78.783083
646.407860	-9.239751
646.603447	58.777893
646.799018	76.782564
646.994572	32.771147
647.190111	150.801764
647.385633	54.776855
647.581139	88.785677
647.776629	72.781526
647.972103	62.778931
648.167560	106.790348
648.363002	46.774779
648.558427	50.775817
648.753836	74.782045
648.949229	-1.237675
649.144606	56.777374
649.339966	114.792423
649.535311	76.782564
649.730639	160.804359
649.925951	122.794499
650.121246	126.795537
650.316526	48.775298
650.511789	76.782564
650.707037	86.785158
650.902268	52.776336
651.097483	126.795537
651.292681	66.779969
651.487864	88.785677
651.683030	150.801764
651.878180	116.792942
652.073314	66.779969
652.268431	68.780488
652.463533	54.776855
652.658618	66.779969
652.853687	48.775298
653.048739	28.770109
653.243776	44.774261
653.438796	78.783083
653.633800	116.792942
653.828788	62.778931
654.023760	44.774261
654.218715	84.784639
654.413655	70.781007
654.608578	12.765957
654.803484	66.779969
654.998375	68.780488
655.193249	152.802283
655.388107	110.791386
655.582949	32.771147
655.777775	152.802283
655.972584	76.782564
656.167377	146.800727
656.362154	126.795537
656.556914	86.785158
656.751659	6.764401
656.946387	76.782564
657.141099	88.785677
657.335794	86.785158
657.530474	98.788272
657.725137	18.767514
657.919784	52.776336
658.114414	70.781007
658.309029	118.793461
658.503627	100.788791
658.698208	84.784639
658.892774	84.784639
659.087323	66.779969
659.281856	14.766476
659.476373	64.779450
659.670873	64.779450
659.865358	96.787753
660.059825	132.797094
660.254277	94.787234
660.448712	38.772704
660.643131	66.779969
660.837534	62.778931
661.031921	16.766995
661.226291	-17.241827
661.420645	114.792423
661.614983	52.776336
661.809304	114.792423
662.003609	70.781007
662.197898	30.770628
662.392170	88.785677
662.586426	72.781526
662.780666	44.774261
662.974890	94.787234
663.169097	78.783083
663.363288	42.773742
663.557463	86.785158
663.751621	80.783601
663.945763	94.787234
664.139889	2.763363
664.333998	88.785677
664.528091	42.773742
664.722168	106.790348
664.916228	82.784120
665.110272	60.778412
665.304300	82.784120
665.498312	80.783601
665.692307	120.793980
665.886286	136.798132
666.080248	72.781526
666.274194	112.791905
666.468124	118.793461
666.662038	70.781007
666.855935	34.771666
667.049816	78.783083
667.243680	98.788272
667.437528	34.771666
667.631360	170.806954
667.825176	76.782564
668.018975	58.777893
668.212757	24.769071
668.406524	-31.245459
668.600274	60.778412
668.794008	16.766995
668.987725	180.809549
669.181426	70.781007
669.375111	50.775817
669.568779	44.774261
669.762431	38.772704
669.956066	112.791905
670.149686	62.778931
670.343288	44.774261
670.536875	68.780488
670.730445	106.790348
670.923999	18.767514
671.117536	70.781007
671.311057	132.797094
671.504562	48.775298
671.698050	92.786715
671.891522	96.787753
672.084977	34.771666
672.278416	92.786715
672.471839	134.797613
672.665245	104.789829
672.858635	98.788272
673.052008	60.778412
673.245366	96.787753
673.438706	62.778931
673.632031	110.791386
673.825338	84.784639
674.018630	12.765957
674.211905	54.776855
674.405164	46.774779
674.598406	86.785158
674.791632	64.779450
674.984842	112.791905
675.178035	50.775817
675.371211	86.785158
675.564372	90.786196
675.757515	126.795537
675.950643	38.772704
676.143754	-23.243383
676.336848	86.785158
676.529927	20.768033
676.722988	34.771666
676.916034	78.783083
677.109063	122.794499
677.302075	14.766476
677.495071	92.786715
677.688051	8.764920
677.881014	78.783083
678.073961	72.781526
678.266891	118.793461
678.459805	36.772185
678.652702	102.789310
678.845583	94.787234
679.038448	90.786196
679.231296	18.767514
679.424127	120.793980
679.616942	74.782045
679.809741	6.764401
680.002524	144.800208
680.195289	36.772185
680.388039	54.776855
680.580772	52.776336
680.773488	46.774779
680.966188	142.799689
681.158872	28.770109
681.351539	122.794499
681.544189	0.762844
681.736823	86.785158
681.929441	54.776855
682.122042	92.786715
682.314627	120.793980
682.507195	74.782045
682.699747	94.787234
682.892282	26.769590
683.084801	108.790867
683.277303	106.790348
683.469789	72.781526
683.662258	82.784120
683.854711	108.790867
684.047148	112.791905
684.239567	44.774261
684.431971	138.798651
684.624358	-3.238194
684.816728	40.773223
685.009082	54.776855
685.201419	28.770109
685.393740	-19.242346
685.586045	152.802283
685.778333	66.779969
685.970604	94.787234
686.162859	80.783601
686.355097	-23.243383
686.547319	50.775817
686.739524	64.779450
686.931713	86.785158
687.123886	142.799689
687.316041	90.786196
687.508181	72.781526
687.700303	126.795537
687.892410	162.804878
688.084499	114.792423
688.276572	188.811624
688.468629	42.773742
688.660669	34.771666
688.852693	112.791905
689.044700	104.789829
689.236690	16.766995
689.428664	68.780488
689.620622	112.791905
689.812563	98.788272
690.004487	50.775817
690.196395	86.785158
690.388286	60.778412
690.580161	70.781007
690.772019	104.789829
690.963861	60.778412
691.155686	50.775817
691.347494	32.771147
691.539286	78.783083
691.731061	114.792423
691.922820	12.765957
692.114562	76.782564
692.306288	22.768552
692.497997	70.781007
692.689690	100.788791
692.881366	52.776336
693.073025	112.791905
693.264668	70.781007
693.456295	62.778931
693.647904	136.798132
693.839497	-27.244421
694.031074	78.783083
694.222634	74.782045
694.414177	34.771666
694.605704	122.794499
694.797214	88.785677
694.988708	90.786196
695.180185	116.792942
695.371646	32.771147
695.563089	60.778412
695.754517	70.781007
695.945927	68.780488
696.137321	56.777374
696.328699	118.793461
696.520060	128.796056
696.711404	78.783083
696.902732	100.788791
697.094043	62.778931
697.285337	82.784120
697.476615	62.778931
697.667876	62.778931
697.859121	52.776336
698.050349	118.793461
698.241560	4.763882
698.432755	102.789310
698.623933	42.773742
698.815095	48.775298
699.006240	86.785158
699.197368	68.780488
699.388480	130.796575
699.579575	68.780488
699.770653	90.786196
699.961715	94.787234
700.152760	0.762844
700.343789	128.796056
700.534800	92.786715
700.725796	72.781526
700.916774	58.777893
701.107736	78.783083
701.298681	58.777893
701.489610	32.771147
701.680522	94.787234
701.871417	20.768033
702.062296	106.790348
702.253158	52.776336
702.444004	102.789310
702.634832	102.789310
702.825644	112.791905
703.016440	176.808511
703.207219	116.792942
703.397981	106.790348
703.588726	102.789310
703.779455	94.787234
703.970167	114.792423
704.160863	8.764920
704.351541	136.798132
704.542203	70.781007
704.732849	54.776855
704.923478	44.774261
705.114090	174.807992
705.304685	54.776855
705.495264	62.778931
705.685826	94.787234
705.876371	84.784639
706.066900	66.779969
706.257412	78.783083
706.447907	22.768552
706.638385	70.781007
706.828847	72.781526
707.019292	80.783601
707.209721	50.775817
707.400133	70.781007
707.590528	70.781007
707.780906	50.775817
707.971268	78.783083
708.161613	76.782564
708.351941	82.784120
708.542253	26.769590
708.732548	104.789829
708.922826	146.800727
709.113087	88.785677
709.303332	60.778412
709.493560	92.786715
709.683771	70.781007
709.873966	116.792942
710.064143	54.776855
710.254304	128.796056
710.444449	36.772185
710.634576	94.787234
710.824687	96.787753
711.014782	90.786196
711.204859	34.771666
711.394920	168.806435
711.584964	82.784120
711.774991	154.802802
711.965001	36.772185
712.154995	76.782564
712.344972	94.787234
712.534932	76.782564
712.724876	72.781526
712.914803	80.783601
713.104713	76.782564
713.294606	102.789310
713.484483	104.789829
713.674342	66.779969
713.864185	106.790348
714.054011	68.780488
714.243821	118.793461
714.433614	98.788272
714.623390	100.788791
714.813149	36.772185
715.002891	92.786715
715.192617	42.773742
715.382326	112.791905
715.572018	92.786715
715.761693	36.772185
715.951352	12.765957
716.140993	112.791905
716.330618	50.775817
716.520227	168.806435
716.709818	132.797094
716.899393	112.791905
717.088951	58.777893
717.278492	28.770109
717.468016	90.786196
717.657523	76.782564
717.847014	42.773742
718.036488	88.785677
718.225945	96.787753
718.415385	56.777374
718.604809	68.780488
718.794216	76.782564
718.983606	62.778931
719.172979	82.784120
719.362335	26.769590
719.551674	104.789829
719.740997	124.795018
719.930303	74.782045
720.119592	96.787753
720.308864	88.785677
720.498120	90.786196
720.687358	96.787753
720.876580	64.779450
721.065785	70.781007
721.254973	78.783083
721.444144	108.790867
721.633299	78.783083
721.822436	50.775817
722.011557	42.773742
722.200661	118.793461
722.389748	0.762844
722.578818	6.764401
722.767872	40.773223
722.956909	96.787753
723.145928	26.769590
723.334931	122.794499
723.523917	58.777893
723.712887	74.782045
723.901839	98.788272
724.090775	92.786715
724.279693	44.774261
724.468595	32.771147
724.657480	84.784639
724.846348	-11.240270
725.035199	44.774261
725.224034	48.775298
725.412851	66.779969
725.601652	48.775298
725.790436	52.776336
725.979203	120.793980
726.167953	146.800727
726.356686	60.778412
726.545402	46.774779
726.734102	64.779450
726.922784	34.771666
727.111450	76.782564
727.300099	16.766995
727.488731	86.785158
727.677346	102.789310
727.865944	76.782564
728.054525	68.780488
728.243090	114.792423
728.431637	66.779969
728.620168	46.774779
728.808682	132.797094
728.997178	76.782564
729.185658	120.793980
729.374121	112.791905
729.562567	82.784120
729.750997	72.781526
729.939409	96.787753
730.127804	22.768552
730.316183	102.789310
730.504545	76.782564
730.692889	74.782045
730.881217	86.785158
731.069528	106.790348
731.257822	110.791386
731.446099	52.776336
731.634359	80.783601
731.822602	6.764401
732.010828	120.793980
732.199038	134.797613
732.387230	128.796056
732.575406	106.790348
732.763564	78.783083
732.951706	82.784120
733.139831	82.784120
733.327938	50.775817
733.516029	40.773223
733.704103	90.786196
733.892160	116.792942
734.080200	92.786715
734.268223	56.777374
734.456229	10.765439
734.644218	72.781526
734.832191	120.793980
735.020146	52.776336
735.208084	98.788272
735.396006	120.793980
735.583910	102.789310
735.771797	86.785158
735.959668	36.772185
736.147522	112.791905
736.335358	66.779969
736.523178	42.773742
736.710980	14.766476
736.898766	92.786715
737.086535	102.789310
737.274286	116.792942
737.462021	120.793980
737.649739	118.793461
737.837440	100.788791
738.025124	130.796575
738.212791	56.777374
738.400440	86.785158
738.588073	10.765439
738.775689	96.787753
738.963288	4.763882
739.150870	82.784120
739.338435	46.774779
739.525983	116.792942
739.713514	62.778931
739.901028	72.781526
740.088525	104.789829
740.276005	66.779969
740.463468	192.812662
740.650914	114.792423
740.838343	50.775817
741.025755	-13.240789
741.213150	64.779450
741.400528	22.768552
741.587889	56.777374
741.775233	132.797094
741.962559	84.784639
742.149869	30.770628
742.337162	66.779969
742.524438	62.778931
742.711697	164.805397
742.898939	68.780488
743.086164	54.776855
743.273371	164.805397
743.460562	26.769590
743.647736	84.784639
743.834892	144.800208
744.022032	42.773742
744.209155	56.777374
744.396260	120.793980
744.583349	60.778412
744.770420	62.778931
744.957475	68.780488
745.144512	38.772704
745.331533	86.785158
745.518536	96.787753
745.705522	78.783083
745.892491	96.787753
746.079444	62.778931
746.266379	74.782045
746.453297	106.790348
746.640198	78.783083
746.827082	38.772704
747.013949	138.798651
747.200798	100.788791
747.387631	92.786715
747.574447	130.796575
747.761246	118.793461
747.948027	88.785677
748.134792	60.778412
748.321539	16.766995
748.508269	124.795018
748.694983	210.817333
748.881679	34.771666
749.068358	160.804359
749.255020	134.797613
749.441665	116.792942
749.628293	168.806435
749.814904	116.792942
750.001497	162.804878
750.188074	130.796575
750.374633	192.812662
750.561176	94.787234
750.747701	204.815776
750.934209	128.796056
751.120701	196.813700
751.307175	174.807992
751.493631	102.789310
751.680071	132.797094
751.866494	134.797613
752.052900	128.796056
752.239288	234.823560
752.425660	170.806954
752.612014	136.798132
752.798351	202.815257
752.984671	182.810067
753.170974	136.798132
753.357260	216.818889
753.543529	130.796575
753.729780	132.797094
753.916015	278.834977
754.102232	218.819408
754.288432	126.795537
754.474615	232.823041
754.660781	240.825117
754.846930	274.833939
755.033062	212.817852
755.219176	214.818371
755.405274	190.812143
755.591354	330.848469
755.777417	252.828230
755.963463	172.807473
756.149492	282.836015
756.335503	354.854696
756.521498	288.837571
756.707475	308.842761
756.893436	316.844837
757.079379	264.831344
757.265305	316.844837
757.451213	374.859886
757.637105	272.833420
757.822979	304.841723
758.008837	250.827711
758.194677	308.842761
758.380500	414.870265
758.566306	434.875454
758.752094	334.849507
758.937866	288.837571
759.123620	304.841723
759.309357	314.844318
759.495077	352.854177
759.680780	338.850545
759.866465	246.826674
760.052134	318.845355
760.237785	332.848988
760.423419	330.848469
760.609036	264.831344
760.794636	282.836015
760.980218	218.819408
761.165783	324.846912
761.351331	244.826155
761.536862	230.822522
761.722376	188.811624
761.907873	224.820965
762.093352	224.820965
762.278814	240.825117
762.464259	178.809030
762.649687	172.807473
762.835097	158.803840
763.020490	138.798651
763.205866	70.781007
763.391225	160.804359
763.576567	116.792942
763.761891	158.803840
763.947199	224.820965
764.132489	250.827711
764.317761	338.850545
764.503017	288.837571
764.688255	370.858848
764.873476	338.850545
765.058680	356.855215
765.243867	432.874935
765.429036	490.889984
765.614188	488.889465
765.799323	508.894655
765.984441	504.893617
766.169542	546.904515
766.354625	520.897769
766.539691	510.895174
766.724740	544.903996
766.909771	626.925272
767.094785	660.934094
767.279782	550.905553
767.464762	698.943954
767.649725	722.950182
767.834670	676.938246
768.019598	684.940322
768.204509	722.950182
768.389402	664.935132
768.574278	668.936170
768.759137	708.946549
768.943979	740.954852
769.128804	784.966269
769.313611	758.959523
769.498401	772.963155
769.683173	768.962117
769.867929	704.945511
770.052667	686.940841
770.237388	734.953295
770.422091	792.968345
770.606777	778.964712
770.791446	814.974053
770.976098	790.967826
771.160733	886.992735
771.345350	810.973015
771.529950	900.996367
771.714532	850.983394
771.899097	854.984432
772.083645	898.995848
772.268176	965.012974
772.452689	904.997405
772.637185	900.996367
772.821664	931.004152
773.006126	1001.022314
773.190570	1049.034769
773.374997	1087.044629
773.559406	1029.029580
773.743799	1117.052413
773.928174	1083.043591
774.112531	1255.088220
774.296872	1211.076803
774.481195	1173.066943
774.665500	1225.080436
774.849789	1269.091853
775.034060	1419.130773
775.218313	1425.132330
775.402550	1465.142709
775.586769	1535.160872
775.770971	1641.188376
775.955155	1673.196679
776.139322	1731.211728
776.323472	1795.228334
776.507605	1851.242865
776.691720	2083.303062
776.875817	2019.286456
777.059898	2093.305656
777.243961	2129.314997
777.428007	2441.395952
777.612035	2473.404255
777.796046	2513.414634
777.980040	2673.456149
778.164016	2799.488843
778.347975	2955.529320
778.531917	2987.537623
778.715841	3283.614427
778.899748	3395.643487
779.083638	3499.670472
779.267510	3661.712506
779.451365	3761.738454
779.635202	3921.779969
779.819022	4013.803840
780.002825	4349.891022
780.186611	4593.954333
780.370379	4615.960042
780.554129	4695.980799
780.737863	5270.129735
780.921579	5438.173326
781.105277	5588.212247
781.288958	5856.281785
781.472622	6016.323300
781.656268	6162.361183
781.839898	6374.416191
782.023509	6630.482615
782.207103	7244.641930
782.390680	7416.686559
782.574240	7936.821484
782.757782	8338.925791
782.941306	8518.972496
783.124814	8631.001557
783.308304	9325.181629
783.491776	9521.232486
783.675231	10049.369486
783.858669	10279.429165
784.042089	10531.494551
784.225492	10687.535029
784.408878	11129.649715
784.592246	11401.720291
784.775596	11603.772704
784.958929	12441.990140
785.142245	12860.098599
785.325544	13162.176959
785.508825	13818.347172
785.692088	13842.353399
785.875334	14250.459263
786.058563	14946.639855
786.241774	15354.745719
786.424968	15730.843280
786.608145	16419.021796
786.791304	16827.127660
786.974445	17115.202387
787.157569	17483.297872
787.340676	18155.472237
787.523765	18179.478464
787.706837	18619.592631
787.889892	19655.861443
788.072929	19607.848988
788.255948	20163.993254
788.438950	20388.051375
788.621935	20520.085625
788.804902	21830.425532
788.987852	22802.677737
789.170784	22464.590036
789.353699	23608.886871
789.536596	24235.049299
789.719476	24153.028023
789.902338	25011.250649
790.085183	25603.404255
790.268011	26403.611832
790.450821	26243.570317
790.633614	26963.757135
790.816389	27763.964712
790.999146	27739.958485
791.181887	28372.122470
791.364609	28708.209652
791.547314	30316.626881
791.730002	30668.718215
791.912673	30288.619616
792.095325	30568.692268
792.277961	31404.909185
792.460578	32345.153088
792.643179	32525.199792
792.825762	33539.462896
793.008327	34487.708874
793.190875	33645.490400
793.373405	34015.586404
793.555918	34501.712506
793.738414	35037.851583
793.920891	35363.936170
794.103352	35253.907628
794.285795	35219.898806
794.468220	35958.090296
794.650628	36750.295797
794.833018	36734.291645
795.015391	38014.623768
795.197747	37382.459782
795.380085	38054.634146
795.562405	38206.673586
795.744708	39030.887390
795.926993	39771.079398
796.109261	40987.394914
796.291511	41135.433316
796.473744	41343.487286
796.655959	40979.392839
796.838157	41805.607161
797.020337	42093.681889
797.202500	43231.977167
797.384645	42787.861962
797.566772	42233.718215
797.748883	42391.759211
797.930975	43307.996886
798.113050	43576.066424
798.295108	43606.074209
798.477147	44350.267255
798.659170	44856.398547
798.841175	45622.597302
799.023162	44424.286456
799.205132	44464.296834
799.387084	44456.294759
799.569018	44984.431759
799.750936	45496.564608
799.932835	45988.692268
800.114717	46212.750389
800.296582	45368.531396
800.478428	44804.385054
800.660258	44744.369486
800.842069	45638.601453
801.023864	45158.476907
801.205640	45340.524131
801.387399	44930.417748
801.569141	44956.424494
801.750865	45416.543851
801.932571	44128.209652
802.114260	43490.044110
802.295931	43646.084587
802.477584	44090.199792
802.659220	44816.388168
802.840839	43736.107940
803.022440	43317.999481
803.204023	43408.022833
803.385589	42941.901920
803.567137	42447.773742
803.748667	43760.114167
803.930180	43404.021796
804.111676	43740.108978
804.293153	42703.840166
804.474613	43039.927348
804.656056	42667.830825
804.837481	41917.636222
805.018888	42097.682927
805.200278	41875.625324
805.381650	41907.633627
805.563005	41577.548002
805.744341	40227.197717
805.925661	40137.174364
806.106962	40525.275039
806.288246	40557.283342
806.469513	39977.132849
806.650762	40385.238713
806.831993	39180.926310
807.013207	38786.824079
807.194403	38078.640374
807.375581	37580.511157
807.556742	36740.293202
807.737885	36814.312403
807.919010	35327.926829
808.100118	35786.045667
808.281208	35053.855734
808.462281	34953.829787
808.643336	34725.770628
808.824373	34339.670472
809.005393	33847.542813
809.186395	33733.513233
809.367379	33567.470161
809.548346	32677.239232
809.729295	31340.892579
809.910226	31690.983394
810.091140	31616.964193
810.272036	31710.988583
810.452915	31212.859367
810.633775	31000.804359
810.814619	30476.668396
810.995444	29730.474831
811.176252	29398.388687
811.357042	28716.211728
811.537815	27637.932019
811.718569	28108.053970
811.899307	27495.895174
812.080026	27461.886352
812.260728	25755.443695
812.441412	25529.385054
812.622079	25463.367929
812.802727	24825.202387
812.983359	24961.237675
813.163972	24955.236118
813.344568	24207.042034
813.525146	23636.894136
813.705706	23330.814738
813.886249	22974.722366
814.066774	22302.548002
814.247281	21348.300467
814.427771	21688.388687
814.608243	20938.194084
814.788697	20276.022314
814.969134	19991.948625
815.149553	19287.765957
815.329954	18617.592112
815.510337	18581.582771
815.690703	18075.451479
815.871051	18525.568241
816.051382	17993.430202
816.231694	17545.313960
816.411989	17035.181629
816.592266	17111.201349
816.772526	16254.979242
816.952768	16401.017125
817.132992	15996.912299
817.313198	15354.745719
817.493387	15148.692268
817.673558	14496.523093
817.853711	13920.373638
818.033846	13510.267255
818.213964	13410.241308
818.394064	13194.185262
818.574146	12804.084069
818.754211	12455.993773
818.934258	12047.887909
819.114287	11877.843799
819.294298	11337.703684
819.474292	10929.597820
819.654267	10739.548521
819.834226	10531.494551
820.014166	10195.407369
820.194089	9921.336274
820.373993	9837.314478
820.553881	9557.241827
820.733750	9221.154645
820.913602	9065.114167
821.093435	8921.076803
821.273252	8498.967307
821.453050	8138.873897
821.632830	8298.915413
821.812593	7776.779969
821.992338	7592.732226
822.172066	7096.603529
822.351775	7088.601453
822.531467	7056.593150
822.711141	6864.543332
822.890797	6576.468604
823.070436	6440.433316
823.250056	6392.420861
823.429659	6096.344058
823.609244	6032.327452
823.788812	5732.249611
823.968361	5532.197717
824.147893	5612.218474
824.327407	5208.113648
824.506903	5008.061754
824.686381	5074.078879
824.865842	4625.962636
825.045285	4585.952257
825.224710	4383.899844
825.404117	4203.853140
825.583507	4027.807473
825.762878	4123.832382
825.942232	3827.755579
826.121568	3827.755579
826.300886	3589.693825
826.480187	3613.700052
826.659469	3333.627400
826.838734	3485.666840
827.017981	3317.623249
827.197210	3245.604567
827.376422	2973.533991
827.555615	3013.544369
827.734791	2913.518422
827.913949	2705.464453
828.093089	2609.439543
828.272211	2561.427089
828.451315	2489.408407
828.630402	2335.368448
828.809471	2243.344577
828.988522	2227.340426
829.167555	2219.338350
829.346570	2135.316554
829.525568	2079.302024
829.704547	2017.285937
829.883509	1949.268293
830.062453	1813.233005
830.241379	1787.226258
830.420287	1731.211728
830.599177	1659.193046
830.778050	1597.176959
830.956905	1581.172807
831.135742	1477.145823
831.314561	1501.152050
831.493362	1381.120913
831.672145	1353.113648
831.850910	1321.105345
832.029658	1265.090815
832.208388	1293.098080
832.387099	1293.098080
832.565793	1123.053970
832.744469	1111.050856
832.923128	1087.044629
833.101768	1113.051375
833.280391	993.020239
833.458995	945.007784
833.637582	1015.025947
833.816151	975.015568
833.994702	886.992735
834.173235	846.982356
834.351750	882.991697
834.530247	874.989621
834.708727	915.000000
834.887188	730.952257
835.065632	706.946030
835.244058	724.950701
835.422466	684.940322
835.600856	680.939284
835.779228	664.935132
835.957582	704.945511
836.135918	576.912299
836.314237	616.922678
836.492537	654.932538
836.670820	526.899325
836.849084	558.907628
837.027331	550.905553
837.205560	514.896212
837.383771	514.896212
837.561964	506.894136
837.740139	458.881681
837.918296	490.889984
838.096436	420.871821
838.274557	432.874935
838.452660	416.870784
838.630746	376.860405
838.808814	388.863518
838.986863	412.869746
839.164895	346.852621
839.342909	362.856772
839.520905	398.866113
839.698883	360.856253
839.876843	360.856253
840.054785	300.840685
840.232709	316.844837
840.410615	434.875454
840.588503	202.815257
840.766374	266.831863
840.944226	324.846912
841.122060	328.847950
841.299877	288.837571
841.477675	352.854177
841.655456	308.842761
841.833218	164.805397
842.010963	298.840166
842.188690	246.826674
842.366399	190.812143
842.544089	352.854177
842.721762	216.818889
842.899417	248.827193
843.077054	278.834977
843.254673	242.825636
843.432274	222.820446
843.609857	206.816295
843.787422	246.826674
843.964969	206.816295
844.142498	264.831344
844.320009	238.824598
844.497502	226.821484
844.674977	130.796575
844.852434	178.809030
845.029873	174.807992
845.207294	94.787234
845.384697	160.804359
845.562083	200.814738
845.739450	200.814738
845.916799	254.828749
846.094130	134.797613
846.271443	174.807992
846.448738	118.793461
846.626016	170.806954
846.803275	66.779969
846.980516	202.815257
847.157739	150.801764
847.334944	122.794499
847.512131	172.807473
847.689301	104.789829
847.866452	172.807473
848.043585	170.806954
848.220700	92.786715
848.397797	144.800208
848.574876	166.805916
848.751937	224.820965
848.928980	168.806435
849.106005	168.806435
849.283012	174.807992
849.460001	130.796575
849.636972	130.796575
849.813925	186.811105
849.990859	194.813181
850.167776	146.800727
850.344675	172.807473
850.521556	80.783601
850.698418	112.791905
850.875263	136.798132
851.052090	128.796056
851.228898	60.778412
851.405689	74.782045
851.582461	194.813181
851.759216	130.796575
851.935952	58.777893
852.112670	104.789829
852.289370	40.773223
852.466053	72.781526
852.642717	136.798132
852.819363	124.795018
852.995991	130.796575
853.172601	146.800727
853.349193	142.799689
853.525766	174.807992
853.702322	104.789829
853.878860	100.788791
854.055379	140.799170
854.231881	106.790348
854.408364	86.785158
854.584830	86.785158
854.761277	168.806435
854.937706	140.799170
855.114117	48.775298
855.290510	158.803840
855.466885	126.795537
855.643242	42.773742
855.819581	76.782564
855.995901	62.778931
856.172204	174.807992
856.348488	70.781007
856.524755	108.790867
856.701003	88.785677
856.877233	38.772704
857.053445	70.781007
857.229639	86.785158
857.405815	152.802283
857.581973	70.781007
857.758113	70.781007
857.934234	166.805916
858.110338	22.768552
858.286423	118.793461
858.462490	94.787234
858.638539	102.789310
858.814570	126.795537
858.990583	98.788272
859.166578	106.790348
859.342554	94.787234
859.518513	134.797613
859.694453	118.793461
859.870375	36.772185
860.046279	120.793980
860.222165	126.795537
860.398033	30.770628
860.573883	138.798651
860.749714	84.784639
860.925528	78.783083
861.101323	74.782045
861.277100	34.771666
861.452859	92.786715
861.628600	116.792942
861.804322	122.794499
861.980027	84.784639
862.155713	100.788791
862.331381	36.772185
862.507031	148.801245
862.682663	180.809549
862.858277	72.781526
863.033873	96.787753
863.209450	116.792942
863.385009	136.798132
863.560550	104.789829
863.736073	94.787234
863.911578	170.806954
864.087065	36.772185
864.262533	78.783083
864.437983	126.795537
864.613415	78.783083
864.788829	84.784639
864.964225	36.772185
865.139602	146.800727
865.314962	22.768552
865.490303	106.790348
865.665626	44.774261
865.840930	68.780488
866.016217	4.763882
866.191485	146.800727
866.366735	100.788791
866.541967	100.788791
866.717181	8.764920
866.892377	72.781526
867.067554	60.778412
867.242713	4.763882
867.417854	60.778412
867.592977	94.787234
867.768082	126.795537
867.943168	96.787753
868.118236	52.776336
868.293286	64.779450
868.468318	22.768552
868.643331	62.778931
868.818327	62.778931
868.993304	128.796056
869.168263	102.789310
869.343203	106.790348
869.518126	50.775817
869.693030	86.785158
869.867916	98.788272
870.042783	114.792423
870.217633	76.782564
870.392464	92.786715
870.567277	-9.239751
870.742072	112.791905
870.916848	100.788791
871.091607	168.806435
871.266347	80.783601
871.441069	126.795537
871.615772	182.810067
871.790458	64.779450
871.965125	70.781007
872.139773	26.769590
872.314404	74.782045
872.489016	46.774779
872.663610	34.771666
872.838186	74.782045
873.012744	-11.240270
873.187283	88.785677
873.361804	38.772704
873.536307	116.792942
873.710791	12.765957
873.885258	36.772185
874.059705	86.785158
874.234135	106.790348
874.408547	104.789829
874.582940	96.787753
874.757315	92.786715
874.931671	90.786196
875.106009	84.784639
875.280329	94.787234
875.454631	42.773742
875.628915	92.786715
875.803180	84.784639
875.977427	56.777374
876.151655	30.770628
876.325866	92.786715
876.500058	164.805397
876.674231	84.784639
876.848387	86.785158
877.022524	126.795537
877.196643	-23.243383
877.370743	52.776336
877.544825	88.785677
877.718889	38.772704
877.892935	110.791386
878.066962	122.794499
878.240971	40.773223
878.414962	146.800727
878.588934	90.786196
878.762888	46.774779
878.936824	48.775298
879.110741	78.783083
879.284640	20.768033
879.458521	76.782564
879.632384	78.783083
879.806228	54.776855
879.980053	102.789310
880.153861	76.782564
880.327650	80.783601
880.501421	-9.239751
880.675173	62.778931
880.848907	78.783083
881.022623	136.798132
881.196320	86.785158
881.370000	10.765439
881.543660	34.771666
881.717303	86.785158
881.890927	142.799689
882.064532	34.771666
882.238120	56.777374
882.411689	44.774261
882.585239	82.784120
882.758772	94.787234
882.932286	88.785677
883.105781	70.781007
883.279259	40.773223
883.452717	20.768033
883.626158	30.770628
883.799580	-9.239751
883.972984	46.774779
884.146369	74.782045
884.319736	-11.240270
884.493085	110.791386
884.666415	90.786196
884.839727	42.773742
885.013020	100.788791
885.186296	88.785677
885.359552	54.776855
885.532791	92.786715
885.706011	32.771147
885.879212	92.786715
886.052396	50.775817
886.225560	102.789310
886.398707	100.788791
886.571835	10.765439
886.744945	112.791905
886.918036	32.771147
887.091109	98.788272
887.264163	104.789829
887.437199	12.765957
887.610217	66.779969
887.783216	78.783083
887.956197	88.785677
888.129159	86.785158
888.302103	28.770109
888.475029	44.774261
888.647936	146.800727
888.820825	102.789310
888.993695	46.774779
889.166547	48.775298
889.339381	100.788791
889.512196	60.778412
889.684992	86.785158
889.857771	42.773742
890.030530	82.784120
890.203272	76.782564
890.375995	44.774261
890.548699	74.782045
890.721385	96.787753
890.894053	92.786715
891.066702	84.784639
891.239333	80.783601
891.411945	132.797094
891.584539	90.786196
891.757115	16.766995
891.929672	0.762844
892.102210	54.776855
892.274730	104.789829
892.447232	112.791905
892.619715	70.781007
892.792180	94.787234
892.964626	102.789310
893.137054	78.783083
893.309463	86.785158
893.481854	82.784120
893.654227	90.786196
893.826581	98.788272
893.998916	118.793461
894.171233	66.779969
894.343532	-3.238194
894.515812	56.777374
894.688074	76.782564
894.860317	34.771666
895.032541	92.786715
895.204748	84.784639
895.376935	58.777893
895.549105	84.784639
895.721255	112.791905
895.893388	40.773223
896.065501	156.803321
896.237597	92.786715
896.409673	52.776336
896.581732	82.784120
896.753771	122.794499
896.925793	76.782564
897.097796	52.776336
897.269780	72.781526
897.441746	24.769071
897.613693	40.773223
897.785622	72.781526
897.957532	100.788791
898.129424	82.784120
898.301297	26.769590
898.473152	42.773742
898.644988	58.777893
898.816806	-31.245459
898.988605	92.786715
899.160386	36.772185
899.332148	132.797094
899.503892	88.785677
899.675617	54.776855
899.847323	84.784639
900.019011	120.793980
900.190681	104.789829
900.362332	50.775817
900.533964	98.788272
900.705578	44.774261
900.877174	138.798651
901.048751	102.789310
901.220309	104.789829
901.391849	40.773223
901.563370	92.786715
901.734873	104.789829
901.906357	94.787234
902.077823	102.789310
902.249270	138.798651
902.420698	84.784639
902.592108	46.774779
902.763499	42.773742
902.934872	50.775817
903.106227	-7.239232
903.277562	80.783601
903.448879	54.776855
903.620178	36.772185
903.791458	108.790867
903.962720	58.777893
904.133962	18.767514
904.305187	86.785158
904.476393	56.777374
904.647580	84.784639
904.818748	40.773223
904.989898	120.793980
905.161030	38.772704
905.332143	86.785158
905.503237	76.782564
905.674313	98.788272
905.845370	38.772704
906.016408	142.799689
906.187428	118.793461
906.358430	-11.240270
906.529412	76.782564
906.700377	162.804878
906.871322	82.784120
907.042249	54.776855
907.213158	56.777374
907.384047	88.785677
907.554918	96.787753
907.725771	112.791905
907.896605	58.777893
908.067420	54.776855
908.238217	174.807992
908.408995	138.798651
908.579755	114.792423
908.750496	100.788791
908.921218	38.772704
909.091922	106.790348
909.262607	32.771147
909.433273	32.771147
909.603921	100.788791
909.774550	46.774779
909.945161	120.793980
910.115752	142.799689
910.286326	6.764401
910.456880	72.781526
910.627416	90.786196
910.797934	182.810067
910.968433	54.776855
911.138913	94.787234
911.309374	106.790348
911.479817	100.788791
911.650241	46.774779
911.820647	138.798651
911.991033	34.771666
912.161402	68.780488
912.331751	72.781526
912.502082	6.764401
912.672395	48.775298
912.842688	76.782564
913.012963	144.800208
913.183219	122.794499
913.353457	138.798651
913.523676	50.775817
913.693876	68.780488
913.864058	30.770628
914.034221	-19.242346
914.204365	172.807473
914.374491	104.789829
914.544598	76.782564
914.714686	50.775817
914.884756	64.779450
915.054807	56.777374
915.224839	22.768552
915.394853	84.784639
915.564847	36.772185
915.734824	50.775817
915.904781	86.785158
916.074720	62.778931
916.244640	48.775298
916.414542	88.785677
916.584424	104.789829
916.754288	18.767514
916.924134	-1.237675
917.093960	106.790348
917.263768	62.778931
917.433558	74.782045
917.603328	104.789829
917.773080	66.779969
917.942813	140.799170
918.112527	34.771666
918.282223	148.801245
918.451900	114.792423
918.621558	148.801245
918.791198	120.793980
918.960819	80.783601
919.130421	48.775298
919.300004	56.777374
919.469569	48.775298
919.639115	94.787234
919.808642	70.781007
919.978151	126.795537
920.147641	10.765439
920.317112	42.773742
920.486564	30.770628
920.655997	34.771666
920.825412	86.785158
920.994808	64.779450
921.164186	56.777374
921.333544	70.781007
921.502884	96.787753
921.672205	58.777893
921.841508	126.795537
922.010791	58.777893
922.180056	34.771666
922.349302	122.794499
922.518530	32.771147
922.687738	134.797613
922.856928	88.785677
923.026099	180.809549
923.195252	68.780488
923.364385	34.771666
923.533500	26.769590
923.702596	58.777893
923.871673	56.777374
924.040732	80.783601
924.209771	76.782564
924.378792	124.795018
924.547795	32.771147
924.716778	98.788272
924.885743	62.778931
925.054688	52.776336
925.223615	76.782564
925.392524	-17.241827
925.561413	60.778412
925.730284	-9.239751
925.899136	68.780488
926.067969	128.796056
926.236783	70.781007
926.405579	8.764920
926.574356	54.776855
926.743114	24.769071
926.911853	62.778931
927.080573	94.787234
927.249275	146.800727
927.417957	2.763363
927.586621	46.774779
927.755266	134.797613
927.923893	130.796575
928.092500	72.781526
928.261089	76.782564
928.429659	50.775817
928.598210	54.776855
928.766742	80.783601
928.935256	10.765439
929.103750	52.776336
929.272226	84.784639
929.440683	70.781007
929.609121	118.793461
929.777540	112.791905
929.945941	124.795018
930.114322	104.789829
930.282685	18.767514
930.451029	34.771666
930.619354	122.794499
930.787661	108.790867
930.955948	78.783083
931.124217	88.785677
931.292466	44.774261
931.460697	64.779450
931.628909	84.784639
931.797103	18.767514
931.965277	30.770628
932.133433	60.778412
932.301569	138.798651
932.469687	112.791905
932.637786	4.763882
932.805866	86.785158
932.973927	112.791905
933.141970	88.785677
933.309993	94.787234
933.477998	32.771147
933.645984	94.787234
933.813951	98.788272
933.981899	94.787234
934.149828	154.802802
934.317738	38.772704
934.485629	50.775817
934.653502	56.777374
934.821356	142.799689
934.989190	84.784639
935.157006	-13.240789
935.324803	48.775298
935.492581	58.777893
935.660341	58.777893
935.828081	44.774261
935.995802	76.782564
936.163505	122.794499
936.331189	68.780488
936.498853	32.771147
936.666499	28.770109
936.834126	48.775298
937.001734	28.770109
937.169323	68.780488
937.336894	106.790348
937.504445	24.769071
937.671977	106.790348
937.839491	104.789829
938.006985	80.783601
938.174461	96.787753
938.341918	62.778931
938.509356	76.782564
938.676775	106.790348
938.844175	30.770628
939.011556	66.779969
939.178918	58.777893
939.346261	124.795018
939.513586	32.771147
939.680891	74.782045
939.848177	92.786715
940.015445	92.786715
940.182693	80.783601
940.349923	50.775817
940.517134	104.789829
940.684326	136.798132
940.851498	124.795018
941.018652	62.778931
941.185787	152.802283
941.352903	162.804878
941.520000	102.789310
941.687078	108.790867
941.854137	94.787234
942.021178	82.784120
942.188199	72.781526
942.355201	22.768552
942.522184	76.782564
942.689149	-13.240789
942.856094	60.778412
943.023021	118.793461
943.189928	86.785158
943.356817	4.763882
943.523686	148.801245
943.690537	8.764920
943.857368	78.783083
944.024181	82.784120
944.190974	64.779450
944.357749	108.790867
944.524505	10.765439
944.691241	130.796575
944.857959	92.786715
945.024658	98.788272
945.191338	76.782564
945.357998	16.766995
945.524640	-23.243383
945.691263	152.802283
945.857867	40.773223
946.024451	44.774261
946.191017	98.788272
946.357564	54.776855
946.524092	142.799689
946.690601	134.797613
946.857090	112.791905
947.023561	44.774261
947.190013	62.778931
947.356446	82.784120
947.522859	62.778931
947.689254	114.792423
947.855630	92.786715
948.021986	38.772704
948.188324	100.788791
948.354643	94.787234
948.520942	68.780488
948.687223	60.778412
948.853485	50.775817
949.019727	16.766995
949.185951	86.785158
949.352155	40.773223
949.518341	116.792942
949.684507	48.775298
949.850655	118.793461
950.016783	146.800727
950.182892	-25.243902
950.348983	120.793980
950.515054	-13.240789
950.681106	30.770628
950.847139	68.780488
951.013153	70.781007
951.179148	38.772704
951.345124	72.781526
951.511081	42.773742
951.677019	108.790867
951.842938	74.782045
952.008838	86.785158
952.174719	70.781007
952.340580	108.790867
952.506423	24.769071
952.672247	56.777374
952.838051	86.785158
953.003837	86.785158
953.169603	48.775298
953.335350	74.782045
953.501078	74.782045
953.666788	-21.242865
953.832478	18.767514
953.998149	18.767514
954.163800	100.788791
954.329433	84.784639
954.495047	88.785677
954.660642	80.783601
954.826217	20.768033
954.991774	72.781526
955.157311	120.793980
955.322829	38.772704
955.488329	70.781007
955.653809	24.769071
955.819270	78.783083
955.984712	26.769590
956.150134	90.786196
956.315538	34.771666
956.480923	70.781007
956.646288	130.796575
956.811635	76.782564
956.976962	32.771147
957.142270	56.777374
957.307559	126.795537
957.472829	148.801245
957.638080	148.801245
957.803312	34.771666
957.968524	106.790348
958.133718	102.789310
958.298892	56.777374
958.464047	44.774261
958.629184	156.803321
958.794301	36.772185
958.959398	38.772704
959.124477	82.784120
959.289537	-3.238194
959.454577	84.784639
959.619598	112.791905
959.784601	62.778931
959.949584	120.793980
960.114548	24.769071
960.279492	108.790867
960.444418	74.782045
960.609324	98.788272
960.774212	14.766476
960.939080	102.789310
961.103929	120.793980
961.268759	80.783601
961.433569	64.779450
961.598361	2.763363
961.763133	30.770628
961.927887	6.764401
962.092621	114.792423
962.257336	38.772704
962.422031	48.775298
962.586708	54.776855
962.751365	90.786196
962.916004	84.784639
963.080623	6.764401
963.245222	62.778931
963.409803	110.791386
963.574365	64.779450
963.738907	52.776336
963.903430	86.785158
964.067934	54.776855
964.232419	110.791386
964.396885	38.772704
964.561331	32.771147
964.725758	38.772704
964.890166	82.784120
965.054555	42.773742
965.218925	78.783083
965.383275	2.763363
965.547607	42.773742
965.711919	76.782564
965.876212	68.780488
966.040485	10.765439
966.204740	16.766995
966.368975	48.775298
966.533191	120.793980
966.697388	124.795018
966.861565	16.766995
967.025724	78.783083
967.189863	82.784120
967.353983	86.785158
967.518084	36.772185
967.682165	98.788272
967.846228	46.774779
968.010271	124.795018
968.174294	50.775817
968.338299	76.782564
968.502285	16.766995
968.666251	110.791386
968.830198	76.782564
968.994125	92.786715
969.158034	-11.240270
969.321923	94.787234
969.485793	-29.244940
969.649644	124.795018
969.813475	104.789829
969.977288	32.771147
970.141081	70.781007
970.304854	136.798132
970.468609	52.776336
970.632344	106.790348
970.796060	42.773742
970.959757	18.767514
971.123434	134.797613
971.287093	60.778412
971.450732	60.778412
971.614351	100.788791
971.777952	84.784639
971.941533	86.785158
972.105095	72.781526
972.268638	80.783601
972.432161	36.772185
972.595665	96.787753
972.759150	38.772704
972.922616	86.785158
973.086062	42.773742
973.249489	44.774261
973.412897	82.784120
973.576285	86.785158
973.739654	54.776855
973.903004	52.776336
974.066335	64.779450
974.229646	88.785677
974.392938	62.778931
974.556211	90.786196
974.719464	64.779450
974.882698	90.786196
975.045913	-37.247016
975.209109	102.789310
975.372285	44.774261
975.535442	86.785158
975.698579	64.779450
975.861698	64.779450
976.024797	94.787234
976.187876	52.776336
976.350937	106.790348
976.513978	102.789310
976.677000	70.781007
976.840002	62.778931
977.002985	104.789829
977.165949	136.798132
977.328894	110.791386
977.491819	50.775817
977.654725	66.779969
977.817611	58.777893
977.980478	38.772704
978.143326	142.799689
978.306155	132.797094
978.468964	0.762844
978.631754	124.795018
978.794524	26.769590
978.957275	82.784120
979.120007	40.773223
979.282720	82.784120
979.445413	88.785677
979.608086	100.788791
979.770741	56.777374
979.933376	158.803840
980.095992	12.765957
980.258588	86.785158
980.421165	56.777374
980.583723	10.765439
980.746261	114.792423
980.908780	100.788791
981.071280	70.781007
981.233760	38.772704
981.396221	128.796056
981.558662	0.762844
981.721084	112.791905
981.883487	42.773742
982.045871	58.777893
982.208235	62.778931
982.370579	-13.240789
982.532905	54.776855
982.695210	16.766995
982.857497	12.765957
983.019764	110.791386
983.182012	8.764920
983.344240	70.781007
983.506449	50.775817
983.668639	52.776336
983.830809	50.775817
983.992960	42.773742
984.155091	42.773742
984.317203	120.793980
984.479296	8.764920
984.641369	40.773223
984.803423	32.771147
984.965457	16.766995
985.127472	42.773742
985.289468	58.777893
985.451444	94.787234
985.613401	110.791386
985.775338	82.784120
985.937256	28.770109
986.099155	80.783601
986.261034	162.804878
986.422893	42.773742
986.584734	20.768033
986.746555	20.768033
986.908356	102.789310
987.070138	48.775298
987.231901	56.777374
987.393644	64.779450
987.555367	28.770109
987.717072	42.773742
987.878757	62.778931
988.040422	6.764401
988.202068	126.795537
988.363695	100.788791
988.525302	92.786715
988.686889	54.776855
988.848458	166.805916
989.010006	106.790348
989.171536	48.775298
989.333046	36.772185
989.494536	38.772704
989.656007	82.784120
989.817458	100.788791
989.978891	114.792423
990.140303	72.781526
990.301696	114.792423
990.463070	112.791905
990.624424	112.791905
990.785759	128.796056
990.947074	82.784120
991.108370	112.791905
991.269646	94.787234
991.430903	122.794499
991.592141	62.778931
991.753359	72.781526
991.914557	102.789310
992.075736	78.783083
992.236896	52.776336
992.398036	126.795537
992.559156	-29.244940
992.720257	66.779969
992.881339	134.797613
993.042401	136.798132
993.203443	46.774779
993.364466	156.803321
993.525470	56.777374
993.686454	118.793461
993.847419	90.786196
994.008364	-1.237675
994.169289	108.790867
994.330196	102.789310
994.491082	150.801764
994.651949	148.801245
994.812797	34.771666
994.973625	76.782564
995.134433	50.775817
995.295223	114.792423
995.455992	64.779450
995.616742	100.788791
995.777473	72.781526
995.938184	60.778412
996.098875	88.785677
996.259547	74.782045
996.420199	116.792942
996.580832	-9.239751
996.741446	96.787753
996.902039	78.783083
997.062614	12.765957
997.223168	84.784639
997.383704	82.784120
997.544219	122.794499
997.704716	38.772704
997.865192	88.785677
998.025649	124.795018
998.186087	44.774261
998.346505	128.796056
998.506903	70.781007
998.667282	42.773742
998.827641	28.770109
998.987981	128.796056
999.148301	74.782045
999.308602	150.801764
999.468883	80.783601
999.629145	72.781526
999.789387	110.791386
999.949609	100.788791
1000.109812	154.802802
1000.269995	86.785158
1000.430159	118.793461
1000.590303	70.781007
1000.750428	72.781526
1000.910533	72.781526
1001.070618	-21.242865
1001.230684	150.801764
1001.390730	30.770628
1001.550757	42.773742
1001.710764	14.766476
1001.870752	76.782564
1002.030720	78.783083
1002.190668	42.773742
1002.350597	160.804359
1002.510506	26.769590
1002.670395	92.786715
1002.830265	38.772704
1002.990116	100.788791
1003.149947	62.778931
1003.309758	116.792942
1003.469550	80.783601
1003.629322	110.791386
1003.789074	76.782564
1003.948807	78.783083
1004.108520	32.771147
1004.268213	98.788272
1004.427887	130.796575
1004.587542	48.775298
1004.747177	106.790348
1004.906792	98.788272
1005.066387	156.803321
1005.225963	84.784639
1005.385519	94.787234
1005.545056	56.777374
1005.704573	0.762844
1005.864070	40.773223
1006.023548	40.773223
1006.183006	58.777893
1006.342445	58.777893
1006.501864	34.771666
1006.661263	46.774779
1006.820642	78.783083
1006.980002	32.771147
1007.139343	4.763882
1007.298663	108.790867
1007.457964	58.777893
1007.617246	146.800727
1007.776508	82.784120
1007.935750	88.785677
1008.094972	12.765957
1008.254175	92.786715
1008.413358	20.768033
1008.572522	32.771147
1008.731665	74.782045
1008.890790	104.789829
1009.049894	56.777374
1009.208979	8.764920
1009.368044	106.790348
1009.527090	116.792942
1009.686115	94.787234
1009.845122	22.768552
1010.004108	6.764401
1010.163075	40.773223
1010.322022	152.802283
1010.480950	70.781007
1010.639857	62.778931
1010.798745	54.776855
1010.957614	30.770628
1011.116463	82.784120
1011.275292	90.786196
1011.434101	70.781007
1011.592891	50.775817
1011.751661	58.777893
1011.910411	64.779450
1012.069142	128.796056
1012.227853	74.782045
1012.386544	56.777374
1012.545215	28.770109
1012.703867	30.770628
1012.862499	62.778931
1013.021112	96.787753
1013.179705	26.769590
1013.338278	32.771147
1013.496831	94.787234
1013.655364	138.798651
1013.813878	42.773742
1013.972372	100.788791
1014.130847	50.775817
1014.289302	98.788272
1014.447737	76.782564
1014.606152	72.781526
1014.764547	112.791905
1014.922923	60.778412
1015.081279	44.774261
1015.239616	52.776336
1015.397932	74.782045
1015.556229	30.770628
1015.714507	52.776336
1015.872764	164.805397
1016.031002	32.771147
1016.189220	64.779450
1016.347418	74.782045
1016.505597	80.783601
1016.663755	32.771147
1016.821894	82.784120
1016.980014	50.775817
1017.138113	68.780488
1017.296193	54.776855
1017.454253	22.768552
1017.612293	76.782564
1017.770314	76.782564
1017.928314	108.790867
1018.086295	70.781007
1018.244257	94.787234
1018.402198	68.780488
1018.560120	96.787753
1018.718022	128.796056
1018.875904	82.784120
1019.033766	102.789310
1019.191609	36.772185
1019.349432	10.765439
1019.507235	98.788272
1019.665018	64.779450
1019.822782	122.794499
1019.980525	76.782564
1020.138249	140.799170
1020.295954	68.780488
1020.453638	110.791386
1020.611303	72.781526
1020.768947	0.762844
1020.926573	184.810586
1021.084178	124.795018
1021.241763	30.770628
1021.399329	158.803840
1021.556875	134.797613
1021.714401	126.795537
1021.871907	68.780488
1022.029394	114.792423
1022.186860	90.786196
1022.344307	130.796575
1022.501734	42.773742
1022.659141	104.789829
1022.816529	52.776336
1022.973896	88.785677
1023.131244	40.773223
1023.288572	124.795018
1023.445880	10.765439
1023.603169	80.783601
1023.760437	34.771666
1023.917686	54.776855
1024.074915	32.771147
1024.232124	128.796056
1024.389313	42.773742
1024.546482	24.769071
1024.703632	74.782045
1024.860762	50.775817
1025.017872	70.781007
1025.174962	52.776336
1025.332032	150.801764
1025.489082	56.777374
1025.646113	72.781526
1025.803124	138.798651
1025.960114	68.780488
1026.117085	-1.237675
1026.274037	106.790348
1026.430968	70.781007
1026.587879	36.772185
1026.744771	68.780488
1026.901643	70.781007
1027.058495	92.786715
1027.215327	122.794499
1027.372139	112.791905
1027.528931	36.772185
1027.685704	134.797613
1027.842456	64.779450
1027.999189	60.778412
1028.155902	30.770628
1028.312595	36.772185
1028.469268	98.788272
1028.625921	154.802802
1028.782554	64.779450
1028.939168	58.777893
1029.095761	64.779450
1029.252335	88.785677
1029.408889	56.777374
1029.565423	90.786196
1029.721937	68.780488
1029.878431	38.772704
1030.034905	78.783083
1030.191360	146.800727
1030.347794	124.795018
1030.504209	52.776336
1030.660604	50.775817
1030.816978	-13.240789
1030.973333	-19.242346
1031.129668	120.793980
1031.285984	60.778412
1031.442279	60.778412
1031.598554	108.790867
1031.754809	88.785677
1031.911045	-5.238713
1032.067260	112.791905
1032.223456	72.781526
1032.379632	76.782564
1032.535788	30.770628
1032.691924	164.805397
1032.848040	164.805397
