344.945680	30.770628
345.162997	30.770628
345.380301	30.770628
345.597591	76.782564
345.814867	46.774779
346.032129	396.865594
346.249378	384.862481
346.466613	466.883757
346.683835	400.866632
346.901043	490.889984
347.118237	376.860405
347.335418	306.842242
347.552585	432.874935
347.769738	614.922159
347.986878	308.842761
348.204003	386.862999
348.421116	504.893617
348.638214	450.879606
348.855299	298.840166
349.072370	504.893617
349.289428	504.893617
349.506472	470.884795
349.723502	536.901920
349.940518	548.905034
350.157521	538.902439
350.374510	698.943954
350.591485	414.870265
350.808447	470.884795
351.025395	568.910223
351.242329	448.879087
351.459250	472.885314
351.676157	446.878568
351.893050	446.878568
352.109930	854.984432
352.326795	374.859886
352.543647	610.921121
352.760486	530.900363
352.977310	430.874416
353.194121	338.850545
353.410919	346.852621
353.627702	444.878049
353.844472	652.932019
354.061228	582.913856
354.277970	416.870784
354.494699	484.888428
354.711414	480.887390
354.928115	640.928905
355.144802	630.926310
355.361476	502.893098
355.578136	600.918526
355.794782	470.884795
356.011415	338.850545
356.228034	522.898287
356.444639	426.873378
356.661230	474.885833
356.877808	538.902439
357.094371	516.896731
357.310921	536.901920
357.527458	464.883238
357.743980	452.880125
357.960489	444.878049
358.176984	564.909185
358.393465	582.913856
358.609933	410.869227
358.826387	504.893617
359.042827	352.854177
359.259253	508.894655
359.475666	490.889984
359.692064	468.884276
359.908449	582.913856
360.124821	370.858848
360.341178	468.884276
360.557522	452.880125
360.773852	656.933057
360.990168	422.872340
361.206470	504.893617
361.422759	540.902958
361.639033	508.894655
361.855294	506.894136
362.071542	518.897250
362.287775	1127.055008
362.503995	436.875973
362.720201	544.903996
362.936393	304.841723
363.152571	478.886871
363.368735	450.879606
363.584886	376.860405
363.801023	594.916969
364.017146	610.921121
364.233255	478.886871
364.449351	464.883238
364.665433	470.884795
364.881500	396.865594
365.097554	548.905034
365.313595	422.872340
365.529621	374.859886
365.745634	494.891022
365.961633	400.866632
366.177618	440.877011
366.393589	278.834977
366.609546	478.886871
366.825490	462.882719
367.041419	414.870265
367.257335	434.875454
367.473237	538.902439
367.689126	658.933576
367.905000	462.882719
368.120861	414.870265
368.336707	540.902958
368.552540	544.903996
368.768359	492.890503
368.984165	450.879606
369.199956	462.882719
369.415734	408.868708
369.631497	566.909704
369.847247	440.877011
370.062983	404.867670
370.278705	462.882719
370.494414	430.874416
370.710108	442.877530
370.925789	570.910742
371.141456	428.873897
371.357108	466.883757
371.572747	490.889984
371.788373	412.869746
372.003984	728.951738
372.219581	472.885314
372.435165	496.891541
372.650735	520.897769
372.866291	392.864556
373.081833	434.875454
373.297361	466.883757
373.512875	446.878568
373.728375	394.865075
373.943862	426.873378
374.159334	472.885314
374.374793	344.852102
374.590238	466.883757
374.805669	472.885314
375.021086	468.884276
375.236489	426.873378
375.451878	410.869227
375.667254	504.893617
375.882615	590.915931
376.097963	476.886352
376.313296	484.888428
376.528616	404.867670
376.743922	494.891022
376.959214	550.905553
377.174492	432.874935
377.389756	476.886352
377.605007	436.875973
377.820243	502.893098
378.035466	518.897250
378.250674	386.862999
378.465869	412.869746
378.681050	452.880125
378.896216	594.916969
379.111369	534.901401
379.326508	460.882200
379.541633	508.894655
379.756744	424.872859
379.971841	436.875973
380.186925	390.864037
380.401994	456.881162
380.617049	480.887390
380.832091	466.883757
381.047118	464.883238
381.262132	454.880643
381.477132	478.886871
381.692117	486.888947
381.907089	480.887390
382.122047	502.893098
382.336991	334.849507
382.551921	538.902439
382.766837	478.886871
382.981739	402.867151
383.196627	638.928386
383.411501	510.895174
383.626361	428.873897
383.841207	518.897250
384.056040	452.880125
384.270858	386.862999
384.485662	570.910742
384.700453	492.890503
384.915229	462.882719
385.129992	476.886352
385.344740	408.868708
385.559475	536.901920
385.774195	428.873897
385.988902	530.900363
386.203594	432.874935
386.418273	530.900363
386.632937	450.879606
386.847588	332.848988
387.062225	596.917488
387.276847	534.901401
387.491456	460.882200
387.706051	416.870784
387.920631	480.887390
388.135198	420.871821
388.349751	466.883757
388.564290	572.911261
388.778814	422.872340
388.993325	474.885833
389.207822	480.887390
389.422305	388.863518
389.636773	464.883238
389.851228	306.842242
390.065669	336.850026
390.280095	378.860924
390.494508	324.846912
390.708907	470.884795
390.923291	468.884276
391.137662	386.862999
391.352019	508.894655
391.566361	416.870784
391.780690	458.881681
391.995004	352.854177
392.209305	428.873897
392.423592	608.920602
392.637864	434.875454
392.852122	452.880125
393.066367	550.905553
393.280597	360.856253
393.494814	518.897250
393.709016	492.890503
393.923204	376.860405
394.137379	414.870265
394.351539	374.859886
394.565685	574.911780
394.779817	344.852102
394.993935	414.870265
395.208039	434.875454
395.422129	346.852621
395.636205	674.937727
395.850267	506.894136
396.064315	518.897250
396.278348	464.883238
396.492368	524.898806
396.706374	360.856253
396.920365	464.883238
397.134343	422.872340
397.348306	398.866113
397.562256	460.882200
397.776191	506.894136
397.990112	470.884795
398.204019	590.915931
398.417912	486.888947
398.631791	444.878049
398.845656	300.840685
399.059507	390.864037
399.273344	418.871303
399.487167	506.894136
399.700975	420.871821
399.914770	456.881162
400.128550	446.878568
400.342317	432.874935
400.556069	540.902958
400.769807	456.881162
400.983531	350.853659
401.197241	522.898287
401.410937	578.912818
401.624619	588.915413
401.838286	350.853659
402.051940	554.906591
402.265579	456.881162
402.479205	336.850026
402.692816	476.886352
402.906413	398.866113
403.119996	384.862481
403.333565	534.901401
403.547120	526.899325
403.760660	308.842761
403.974187	522.898287
404.187699	498.892060
404.401198	574.911780
404.614682	374.859886
404.828152	480.887390
405.041608	504.893617
405.255050	576.912299
405.468477	602.919045
405.681891	354.854696
405.895290	370.858848
406.108676	406.868189
406.322047	358.855734
406.535404	344.852102
406.748747	476.886352
406.962075	384.862481
407.175390	338.850545
407.388690	642.929424
407.601976	554.906591
407.815249	284.836533
408.028507	382.861962
408.241750	500.892579
408.454980	496.891541
408.668196	400.866632
408.881397	416.870784
409.094584	542.903477
409.307757	504.893617
409.520916	630.926310
409.734061	394.865075
409.947191	482.887909
410.160307	582.913856
410.373410	334.849507
410.586498	406.868189
410.799572	384.862481
411.012631	560.908147
411.225677	430.874416
411.438708	462.882719
411.651725	530.900363
411.864728	406.868189
412.077717	498.892060
412.290691	358.855734
412.503652	482.887909
412.716598	472.885314
412.929530	418.871303
413.142448	416.870784
413.355351	378.860924
413.568241	400.866632
413.781116	490.889984
413.993977	364.857291
414.206824	426.873378
414.419656	592.916450
414.632475	414.870265
414.845279	548.905034
415.058069	440.877011
415.270845	328.847950
415.483606	506.894136
415.696354	506.894136
415.909087	356.855215
416.121806	466.883757
416.334511	398.866113
416.547201	396.865594
416.759877	472.885314
416.972539	480.887390
417.185187	808.972496
417.397821	430.874416
417.610440	456.881162
417.823045	470.884795
418.035636	502.893098
418.248213	422.872340
418.460775	454.880643
418.673323	442.877530
418.885857	414.870265
419.098377	326.847431
419.310883	390.864037
419.523374	362.856772
419.735851	484.888428
419.948313	298.840166
420.160762	426.873378
420.373196	374.859886
420.585616	408.868708
420.798022	620.923716
421.010413	440.877011
421.222791	532.900882
421.435153	470.884795
421.647502	442.877530
421.859837	464.883238
422.072157	979.016606
422.284463	484.888428
422.496754	578.912818
422.709032	436.875973
422.921295	490.889984
423.133543	572.911261
423.345778	568.910223
423.557998	492.890503
423.770204	524.898806
423.982396	640.928905
424.194573	480.887390
424.406736	614.922159
424.618885	480.887390
424.831020	412.869746
425.043140	390.864037
425.255246	462.882719
425.467338	418.871303
425.679415	514.896212
425.891478	464.883238
426.103527	382.861962
426.315561	398.866113
426.527582	536.901920
426.739588	360.856253
426.951579	418.871303
427.163556	486.888947
427.375519	370.858848
427.587468	466.883757
427.799402	378.860924
428.011322	440.877011
428.223228	442.877530
428.435119	484.888428
428.646997	388.863518
428.858859	424.872859
429.070708	382.861962
429.282542	388.863518
429.494362	512.895693
429.706167	428.873897
429.917958	578.912818
430.129735	466.883757
430.341497	368.858329
430.553246	570.910742
430.764979	544.903996
430.976699	480.887390
431.188404	524.898806
431.400095	602.919045
431.611771	504.893617
431.823433	426.873378
432.035081	598.918007
432.246714	484.888428
432.458334	328.847950
432.669938	398.866113
432.881529	644.929943
433.093105	386.862999
433.304666	584.914375
433.516213	462.882719
433.727746	518.897250
433.939265	404.867670
434.150769	572.911261
434.362259	582.913856
434.573734	642.929424
434.785196	718.949144
434.996642	840.980799
435.208075	828.977686
435.419493	1079.042553
435.630896	860.985989
435.842285	850.983394
436.053660	750.957447
436.265021	652.932019
436.476367	610.921121
436.687699	640.928905
436.899016	536.901920
437.110319	486.888947
437.321607	460.882200
437.532881	540.902958
437.744141	478.886871
437.955387	354.854696
438.166618	398.866113
438.377834	368.858329
438.589036	464.883238
438.800224	486.888947
439.011397	444.878049
439.222556	482.887909
439.433701	534.901401
439.644831	402.867151
439.855947	410.869227
440.067048	628.925791
440.278135	432.874935
440.489208	362.856772
440.700266	508.894655
440.911309	436.875973
441.122339	532.900882
441.333353	394.865075
441.544354	424.872859
441.755340	544.903996
441.966311	568.910223
442.177268	464.883238
442.388211	628.925791
442.599139	474.885833
442.810053	374.859886
443.020953	402.867151
443.231837	446.878568
443.442708	428.873897
443.653564	504.893617
443.864406	422.872340
444.075233	556.907109
444.286046	498.892060
444.496844	580.913337
444.707628	470.884795
444.918397	614.922159
445.129152	540.902958
445.339893	444.878049
445.550619	536.901920
445.761330	394.865075
445.972027	410.869227
446.182710	496.891541
446.393378	408.868708
446.604032	478.886871
446.814671	516.896731
447.025296	472.885314
447.235906	350.853659
447.446502	370.858848
447.657083	458.881681
447.867650	600.918526
448.078203	510.895174
448.288741	518.897250
448.499264	492.890503
448.709773	364.857291
448.920268	462.882719
449.130748	422.872340
449.341213	606.920083
449.551664	512.895693
449.762101	348.853140
449.972523	390.864037
450.182930	474.885833
450.393323	402.867151
450.603702	346.852621
450.814066	388.863518
451.024415	398.866113
451.234751	360.856253
451.445071	472.885314
451.655377	556.907109
451.865669	468.884276
452.075946	522.898287
452.286208	406.868189
452.496456	498.892060
452.706690	608.920602
452.916909	368.858329
453.127113	456.881162
453.337303	566.909704
453.547479	460.882200
453.757639	318.845355
453.967786	446.878568
454.177918	578.912818
454.388035	518.897250
454.598138	476.886352
454.808226	550.905553
455.018300	418.871303
455.228359	368.858329
455.438404	474.885833
455.648434	496.891541
455.858449	406.868189
456.068450	408.868708
456.278437	414.870265
456.488409	528.899844
456.698366	542.903477
456.908309	478.886871
457.118237	410.869227
457.328151	382.861962
457.538050	338.850545
457.747935	358.855734
457.957805	650.931500
458.167660	512.895693
458.377501	546.904515
458.587328	436.875973
458.797140	506.894136
459.006937	308.842761
459.216719	302.841204
459.426488	344.852102
459.636241	576.912299
459.845980	400.866632
460.055704	688.941360
460.265414	310.843280
460.475110	442.877530
460.684790	430.874416
460.894456	514.896212
461.104108	538.902439
461.313745	274.833939
461.523367	436.875973
461.732975	430.874416
461.942568	532.900882
462.152147	568.910223
462.361710	560.908147
462.571260	528.899844
462.780795	710.947068
462.990315	424.872859
463.199820	426.873378
463.409311	454.880643
463.618788	498.892060
463.828249	630.926310
464.037697	470.884795
464.247129	504.893617
464.456547	234.823560
464.665950	508.894655
464.875339	450.879606
465.084713	462.882719
465.294073	634.927348
465.503418	616.922678
465.712748	484.888428
465.922063	632.926829
466.131364	514.896212
466.340651	448.879087
466.549922	362.856772
466.759180	680.939284
466.968422	490.889984
467.177650	384.862481
467.386863	370.858848
467.596062	348.853140
467.805246	470.884795
468.014415	380.861443
468.223569	406.868189
468.432709	464.883238
468.641835	516.896731
468.850945	526.899325
469.060042	376.860405
469.269123	382.861962
469.478190	430.874416
469.687242	392.864556
469.896279	450.879606
470.105302	310.843280
470.314310	438.876492
470.523304	438.876492
470.732282	526.899325
470.941247	448.879087
471.150196	590.915931
471.359131	406.868189
471.568051	494.891022
471.776956	398.866113
471.985847	526.899325
472.194723	402.867151
472.403585	418.871303
472.612432	474.885833
472.821264	462.882719
473.030081	458.881681
473.238884	460.882200
473.447672	492.890503
473.656445	468.884276
473.865204	406.868189
474.073948	492.890503
474.282677	388.863518
474.491392	400.866632
474.700092	444.878049
474.908777	362.856772
475.117447	408.868708
475.326103	372.859367
475.534744	642.929424
475.743371	484.888428
475.951982	412.869746
476.160579	418.871303
476.369161	468.884276
476.577729	444.878049
476.786282	424.872859
476.994820	360.856253
477.203343	416.870784
477.411852	528.899844
477.620346	516.896731
477.828825	514.896212
478.037290	398.866113
478.245740	522.898287
478.454175	422.872340
478.662595	492.890503
478.871001	300.840685
479.079392	410.869227
479.287768	476.886352
479.496129	362.856772
479.704476	428.873897
479.912808	468.884276
480.121125	460.882200
480.329428	448.879087
480.537715	396.865594
480.745988	484.888428
480.954247	420.871821
481.162490	428.873897
481.370719	542.903477
481.578933	384.862481
481.787132	584.914375
481.995316	500.892579
482.203486	416.870784
482.411641	486.888947
482.619781	402.867151
482.827907	442.877530
483.036017	504.893617
483.244113	486.888947
483.452194	554.906591
483.660261	432.874935
483.868312	428.873897
484.076349	570.910742
484.284371	546.904515
484.492379	500.892579
484.700371	458.881681
484.908349	568.910223
485.116312	580.913337
485.324260	452.880125
485.532193	408.868708
485.740112	524.898806
485.948016	502.893098
486.155905	472.885314
486.363779	648.930981
486.571638	550.905553
486.779483	572.911261
486.987313	442.877530
487.195128	410.869227
487.402928	550.905553
487.610713	586.914894
487.818484	480.887390
488.026240	460.882200
488.233981	556.907109
488.441707	494.891022
488.649419	588.915413
488.857115	446.878568
489.064797	532.900882
489.272464	636.927867
489.480116	598.918007
489.687753	548.905034
489.895376	658.933576
490.102983	468.884276
490.310576	476.886352
490.518154	534.901401
490.725718	508.894655
490.933266	520.897769
491.140799	532.900882
491.348318	448.879087
491.555822	534.901401
491.763311	568.910223
491.970785	470.884795
492.178245	484.888428
492.385689	414.870265
492.593119	646.930462
492.800534	394.865075
493.007934	562.908666
493.215319	516.896731
493.422689	518.897250
493.630044	430.874416
493.837385	476.886352
494.044711	540.902958
494.252022	524.898806
494.459318	522.898287
494.666599	454.880643
494.873865	460.882200
495.081116	616.922678
495.288353	580.913337
495.495575	536.901920
495.702782	486.888947
495.909973	432.874935
496.117151	610.921121
496.324313	416.870784
496.531460	442.877530
496.738593	574.911780
496.945710	554.906591
497.152813	556.907109
497.359901	514.896212
497.566974	584.914375
497.774032	574.911780
497.981075	400.866632
498.188103	504.893617
498.395116	596.917488
498.602115	502.893098
498.809098	486.888947
499.016067	490.889984
499.223021	462.882719
499.429960	428.873897
499.636884	438.876492
499.843793	454.880643
500.050687	624.924754
500.257566	538.902439
500.464431	280.835496
500.671280	390.864037
500.878115	434.875454
501.084934	606.920083
501.291739	640.928905
501.498529	462.882719
501.705304	226.821484
501.912063	368.858329
502.118809	470.884795
502.325539	486.888947
502.532254	542.903477
502.738954	508.894655
502.945639	326.847431
503.152310	434.875454
503.358965	370.858848
503.565606	450.879606
503.772231	492.890503
503.978842	446.878568
504.185438	376.860405
504.392018	436.875973
504.598584	400.866632
504.805135	432.874935
505.011671	538.902439
505.218192	554.906591
505.424698	404.867670
505.631189	522.898287
505.837665	442.877530
506.044127	272.833420
506.250573	504.893617
506.457004	692.942398
506.663420	420.871821
506.869822	432.874935
507.076208	546.904515
507.282579	502.893098
507.488936	396.865594
507.695277	376.860405
507.901604	410.869227
508.107915	424.872859
508.314212	474.885833
508.520494	440.877011
508.726760	390.864037
508.933012	380.861443
509.139248	410.869227
509.345470	556.907109
509.551677	378.860924
509.757869	278.834977
509.964045	328.847950
510.170207	492.890503
510.376354	260.830306
510.582485	504.893617
510.788602	558.907628
510.994704	378.860924
511.200791	456.881162
511.406862	444.878049
511.612919	322.846393
511.818961	462.882719
512.024988	336.850026
512.230999	390.864037
512.436996	360.856253
512.642978	488.889465
512.848945	398.866113
513.054896	430.874416
513.260833	466.883757
513.466755	522.898287
513.672661	406.868189
513.878553	478.886871
514.084429	538.902439
514.290291	432.874935
514.496138	424.872859
514.701969	474.885833
514.907786	422.872340
515.113587	628.925791
515.319373	358.855734
515.525145	298.840166
515.730901	492.890503
515.936642	334.849507
516.142369	404.867670
516.348080	354.854696
516.553776	368.858329
516.759457	416.870784
516.965123	658.933576
517.170775	372.859367
517.376411	444.878049
517.582032	546.904515
517.787637	422.872340
517.993228	520.897769
518.198804	532.900882
518.404365	408.868708
518.609910	348.853140
518.815441	554.906591
519.020957	394.865075
519.226457	436.875973
519.431943	482.887909
519.637413	376.860405
519.842868	392.864556
520.048308	440.877011
520.253734	716.948625
520.459144	556.907109
520.664539	650.931500
520.869919	514.896212
521.075283	362.856772
521.280633	424.872859
521.485968	396.865594
521.691287	384.862481
521.896592	432.874935
522.101881	428.873897
522.307155	414.870265
522.512415	472.885314
522.717659	386.862999
522.922888	378.860924
523.128102	232.823041
523.333301	426.873378
523.538484	486.888947
523.743653	396.865594
523.948806	436.875973
524.153945	374.859886
524.359068	432.874935
524.564176	510.895174
524.769269	312.843799
524.974347	472.885314
525.179410	382.861962
525.384458	418.871303
525.589491	410.869227
525.794508	430.874416
525.999511	394.865075
526.204498	470.884795
526.409470	460.882200
526.614427	372.859367
526.819369	426.873378
527.024296	420.871821
527.229207	370.858848
527.434104	472.885314
527.638985	324.846912
527.843851	588.915413
528.048702	320.845874
528.253538	448.879087
528.458359	290.838090
528.663165	372.859367
528.867955	416.870784
529.072730	382.861962
529.277491	378.860924
529.482236	420.871821
529.686966	300.840685
529.891680	342.851583
530.096380	462.882719
530.301064	412.869746
530.505734	420.871821
530.710388	352.854177
530.915027	342.851583
531.119650	298.840166
531.324259	472.885314
531.528852	436.875973
531.733431	402.867151
531.937994	390.864037
532.142542	364.857291
532.347075	442.877530
532.551592	356.855215
532.756094	520.897769
532.960582	578.912818
533.165054	464.883238
533.369511	476.886352
533.573952	472.885314
533.778379	514.896212
533.982790	504.893617
534.187186	582.913856
534.391567	400.866632
534.595933	454.880643
534.800283	532.900882
535.004619	542.903477
535.208939	434.875454
535.413244	286.837052
535.617533	378.860924
535.821808	452.880125
536.026067	422.872340
536.230311	636.927867
536.434540	434.875454
536.638754	404.867670
536.842952	508.894655
537.047136	486.888947
537.251304	488.889465
537.455456	396.865594
537.659594	448.879087
537.863716	464.883238
538.067823	614.922159
538.271915	606.920083
538.475992	576.912299
538.680054	570.910742
538.884100	598.918007
539.088131	586.914894
539.292147	622.924235
539.496147	570.910742
539.700132	608.920602
539.904103	598.918007
540.108057	720.949663
540.311997	762.960560
540.515921	780.965231
540.719830	882.991697
540.923724	738.954333
541.127603	838.980280
541.331466	1053.035807
541.535314	1185.070057
541.739147	929.003633
541.942965	1013.025428
542.146767	1107.049818
542.350554	868.988064
542.554326	1055.036326
542.758082	1115.051894
542.961824	1053.035807
543.165550	1145.059678
543.369260	1037.031655
543.572956	1135.057084
543.776636	1105.049299
543.980301	1225.080436
544.183951	991.019720
544.387585	1037.031655
544.591204	1095.046705
544.794808	1135.057084
544.998397	1135.057084
545.201970	1183.069538
545.405528	1381.120913
545.609070	1471.144266
545.812598	1515.155682
546.016110	1527.158796
546.219607	1411.128697
546.423088	1133.056565
546.626554	1055.036326
546.830005	953.009860
547.033441	878.990659
547.236861	965.012974
547.440266	852.983913
547.643656	834.979242
547.847031	818.975091
548.050390	766.961598
548.253733	756.959004
548.457062	536.901920
548.660375	933.004670
548.863673	552.906072
549.066955	762.960560
549.270223	756.959004
549.473475	638.928386
549.676711	644.929943
549.879932	614.922159
550.083138	780.965231
550.286329	768.962117
550.489504	742.955371
550.692664	720.949663
550.895809	706.946030
551.098938	564.909185
551.302052	590.915931
551.505151	566.909704
551.708234	558.907628
551.911302	544.903996
552.114355	576.912299
552.317392	554.906591
552.520414	622.924235
552.723420	506.894136
552.926411	406.868189
553.129387	518.897250
553.332348	544.903996
553.535293	486.888947
553.738223	388.863518
553.941137	490.889984
554.144036	554.906591
554.346920	518.897250
554.549788	358.855734
554.752641	600.918526
554.955479	524.898806
555.158301	592.916450
555.361108	430.874416
555.563900	662.934613
555.766676	522.898287
555.969437	560.908147
556.172182	502.893098
556.374912	466.883757
556.577627	402.867151
556.780326	384.862481
556.983010	418.871303
557.185678	470.884795
557.388331	544.903996
557.590969	484.888428
557.793591	454.880643
557.996198	396.865594
558.198790	454.880643
558.401366	502.893098
558.603927	568.910223
558.806472	502.893098
559.009002	432.874935
559.211517	574.911780
559.414016	454.880643
559.616499	378.860924
559.818968	482.887909
560.021421	510.895174
560.223858	598.918007
560.426280	442.877530
560.628687	452.880125
560.831078	460.882200
561.033454	406.868189
561.235815	474.885833
561.438160	484.888428
561.640489	448.879087
561.842803	604.919564
562.045102	482.887909
562.247385	468.884276
562.449653	400.866632
562.651906	326.847431
562.854143	492.890503
563.056364	496.891541
563.258570	460.882200
563.460761	450.879606
563.662936	434.875454
563.865096	396.865594
564.067241	574.911780
564.269369	536.901920
564.471483	516.896731
564.673581	416.870784
564.875664	388.863518
565.077731	494.891022
565.279782	542.903477
565.481819	488.889465
565.683839	506.894136
565.885845	444.878049
566.087835	538.902439
566.289809	474.885833
566.491768	442.877530
566.693711	264.831344
566.895639	448.879087
567.097552	464.883238
567.299449	516.896731
567.501330	460.882200
567.703197	382.861962
567.905047	346.852621
568.106882	334.849507
568.308702	436.875973
568.510506	472.885314
568.712295	390.864037
568.914068	604.919564
569.115826	434.875454
569.317568	512.895693
569.519295	550.905553
569.721006	442.877530
569.922702	440.877011
570.124382	528.899844
570.326047	262.830825
570.527696	414.870265
570.729330	500.892579
570.930948	634.927348
571.132551	478.886871
571.334138	382.861962
571.535710	438.876492
571.737266	360.856253
571.938807	672.937208
572.140332	306.842242
572.341842	330.848469
572.543336	382.861962
572.744815	478.886871
572.946278	414.870265
573.147726	412.869746
573.349158	292.838609
573.550575	414.870265
573.751976	442.877530
573.953361	406.868189
574.154731	516.896731
574.356086	300.840685
574.557425	498.892060
574.758748	456.881162
574.960056	530.900363
575.161348	480.887390
575.362625	504.893617
575.563886	492.890503
575.765132	558.907628
575.966362	520.897769
576.167577	562.908666
576.368776	586.914894
576.569959	488.889465
576.771127	654.932538
576.972280	602.919045
577.173417	592.916450
577.374538	552.906072
577.575644	478.886871
577.776734	558.907628
577.977809	388.863518
578.178868	514.896212
578.379911	478.886871
578.580939	566.909704
578.781951	770.962636
578.982948	584.914375
579.183929	624.924754
579.384895	570.910742
579.585845	558.907628
579.786780	524.898806
579.987699	490.889984
580.188602	610.921121
580.389490	588.915413
580.590362	506.894136
580.791218	512.895693
580.992059	628.925791
581.192885	568.910223
581.393695	620.923716
581.594489	564.909185
581.795267	682.939803
581.996031	624.924754
582.196778	554.906591
582.397510	592.916450
582.598226	536.901920
582.798927	484.888428
582.999612	590.915931
583.200281	764.961079
583.400935	618.923197
583.601573	610.921121
583.802196	532.900882
584.002803	626.925272
584.203394	600.918526
584.403970	572.911261
584.604530	640.928905
584.805074	636.927867
585.005603	548.905034
585.206116	590.915931
585.406614	652.932019
585.607096	614.922159
585.807562	632.926829
586.008013	500.892579
586.208448	638.928386
586.408868	560.908147
586.609272	714.948106
586.809660	654.932538
587.010032	596.917488
587.210389	602.919045
587.410731	586.914894
587.611056	688.941360
587.811366	578.912818
588.011660	632.926829
588.211939	604.919564
588.412202	684.940322
588.612450	502.893098
588.812681	556.907109
589.012897	566.909704
589.213098	632.926829
589.413283	692.942398
589.613452	602.919045
589.813605	500.892579
590.013743	526.899325
590.213865	610.921121
590.413971	596.917488
590.614062	740.954852
590.814137	476.886352
591.014197	578.912818
591.214240	428.873897
591.414268	512.895693
591.614281	404.867670
591.814277	600.918526
592.014258	480.887390
592.214224	484.888428
592.414173	518.897250
592.614107	921.001557
592.814026	458.881681
593.013928	522.898287
593.213815	612.921640
593.413686	494.891022
593.613542	522.898287
593.813382	476.886352
594.013206	544.903996
594.213014	488.889465
594.412807	574.911780
594.612584	484.888428
594.812345	404.867670
595.012091	590.915931
595.211820	506.894136
595.411535	570.910742
595.611233	452.880125
595.810916	616.922678
596.010583	562.908666
596.210234	440.877011
596.409870	476.886352
596.609489	428.873897
596.809093	570.910742
597.008682	380.861443
597.208255	466.883757
597.407811	432.874935
597.607353	288.837571
597.806878	432.874935
598.006388	564.909185
598.205882	428.873897
598.405360	426.873378
598.604823	542.903477
598.804269	478.886871
599.003701	480.887390
599.203116	528.899844
599.402515	596.917488
599.601899	642.929424
599.801267	610.921121
600.000620	502.893098
600.199956	566.909704
600.399277	532.900882
600.598582	504.893617
600.797871	584.914375
600.997145	330.848469
601.196402	414.870265
601.395644	420.871821
601.594871	498.892060
601.794081	518.897250
601.993276	496.891541
602.192455	454.880643
602.391618	440.877011
602.590765	456.881162
602.789897	518.897250
602.989013	478.886871
603.188113	502.893098
603.387197	462.882719
603.586266	314.844318
603.785318	422.872340
603.984355	534.901401
604.183376	454.880643
604.382382	398.866113
604.581371	520.897769
604.780345	530.900363
604.979303	490.889984
605.178245	482.887909
605.377171	538.902439
605.576082	690.941879
605.774977	696.943435
605.973856	596.917488
606.172719	516.896731
606.371566	448.879087
606.570398	608.920602
606.769214	378.860924
606.968013	604.919564
607.166798	460.882200
607.365566	586.914894
607.564318	474.885833
607.763055	492.890503
607.961776	600.918526
608.160481	700.944473
608.359170	564.909185
608.557843	680.939284
608.756501	644.929943
608.955143	666.935651
609.153769	664.935132
609.352379	672.937208
609.550973	662.934613
609.749551	788.967307
609.948114	788.967307
610.146661	991.019720
610.345191	1115.051894
610.543706	1355.114167
610.742206	1549.164504
610.940689	1609.180073
611.139156	1635.186819
611.337608	1721.209133
611.536044	1689.200830
611.734464	1525.158277
611.932868	1315.103788
612.131256	1557.166580
612.329628	1311.102750
612.527985	1139.058121
612.726326	1301.100156
612.924650	1141.058640
613.122959	1005.023352
613.321252	963.012455
613.519530	1045.033731
613.717791	977.016087
613.916036	824.976648
614.114266	856.984951
614.312480	953.009860
614.510677	892.994292
614.708859	818.975091
614.907025	730.952257
615.105176	678.938765
615.303310	654.932538
615.501428	764.961079
615.699531	744.955890
615.897617	668.936170
616.095688	706.946030
616.293743	654.932538
616.491782	576.912299
616.689805	534.901401
616.887812	676.938246
617.085803	540.902958
617.283779	486.888947
617.481738	554.906591
617.679682	418.871303
617.877609	484.888428
618.075521	608.920602
618.273417	534.901401
618.471297	744.955890
618.669161	524.898806
618.867009	496.891541
619.064841	486.888947
619.262657	558.907628
619.460458	590.915931
619.658242	488.889465
619.856011	506.894136
620.053763	530.900363
620.251500	558.907628
620.449221	562.908666
620.646925	642.929424
620.844614	568.910223
621.042287	688.941360
621.239944	438.876492
621.437585	480.887390
621.635210	628.925791
621.832819	618.923197
622.030413	498.892060
622.227990	438.876492
622.425551	374.859886
622.623097	504.893617
622.820626	560.908147
623.018139	560.908147
623.215637	594.916969
623.413119	522.898287
623.610584	478.886871
623.808034	578.912818
624.005468	562.908666
624.202885	488.889465
624.400287	696.943435
624.597673	594.916969
624.795043	412.869746
624.992397	692.942398
625.189735	602.919045
625.387057	534.901401
625.584362	584.914375
625.781652	492.890503
625.978926	440.877011
626.176185	472.885314
626.373427	638.928386
626.570653	686.940841
626.767863	568.910223
626.965057	550.905553
627.162235	618.923197
627.359397	498.892060
627.556543	550.905553
627.753673	510.895174
627.950788	434.875454
628.147886	404.867670
628.344968	652.932019
628.542034	434.875454
628.739084	582.913856
628.936118	428.873897
629.133137	816.974572
629.330139	672.937208
629.527125	500.892579
629.724095	438.876492
629.921049	672.937208
630.117987	498.892060
630.314909	642.929424
630.511815	500.892579
630.708705	598.918007
630.905579	522.898287
631.102437	612.921640
631.299279	692.942398
631.496105	648.930981
631.692915	542.903477
631.889709	484.888428
632.086487	624.924754
632.283249	492.890503
632.479995	446.878568
632.676725	486.888947
632.873438	396.865594
633.070136	582.913856
633.266818	476.886352
633.463483	598.918007
633.660133	450.879606
633.856767	420.871821
634.053384	522.898287
634.249986	444.878049
634.446571	546.904515
634.643140	456.881162
634.839694	360.856253
635.036231	440.877011
635.232752	404.867670
635.429257	412.869746
635.625746	342.851583
635.822219	462.882719
636.018676	438.876492
636.215117	404.867670
636.411542	484.888428
636.607950	470.884795
636.804343	590.915931
637.000720	458.881681
637.197080	452.880125
637.393425	444.878049
637.589753	550.905553
637.786065	374.859886
637.982361	392.864556
638.178642	404.867670
638.374906	408.868708
638.571154	466.883757
638.767385	410.869227
638.963601	398.866113
639.159801	424.872859
639.355984	454.880643
639.552152	328.847950
639.748303	400.866632
639.944438	450.879606
640.140558	366.857810
640.336661	414.870265
640.532748	542.903477
640.728819	534.901401
640.924873	340.851064
641.120912	462.882719
641.316935	458.881681
641.512941	414.870265
641.708931	694.942916
641.904906	368.858329
642.100864	334.849507
642.296806	368.858329
642.492731	502.893098
642.688641	354.854696
642.884535	550.905553
643.080412	434.875454
643.276274	554.906591
643.472119	566.909704
643.667948	552.906072
643.863761	410.869227
644.059558	420.871821
644.255338	464.883238
644.451103	498.892060
644.646851	346.852621
644.842583	424.872859
645.038300	468.884276
645.234000	422.872340
645.429683	484.888428
645.625351	416.870784
645.821003	358.855734
646.016638	412.869746
646.212257	526.899325
646.407860	516.896731
646.603447	426.873378
646.799018	522.898287
646.994572	456.881162
647.190111	546.904515
647.385633	544.903996
647.581139	412.869746
647.776629	500.892579
647.972103	502.893098
648.167560	444.878049
648.363002	358.855734
648.558427	596.917488
648.753836	484.888428
648.949229	410.869227
649.144606	620.923716
649.339966	266.831863
649.535311	368.858329
649.730639	328.847950
649.925951	552.906072
650.121246	468.884276
650.316526	460.882200
650.511789	434.875454
650.707037	446.878568
650.902268	402.867151
651.097483	432.874935
651.292681	384.862481
651.487864	396.865594
651.683030	382.861962
651.878180	368.858329
652.073314	290.838090
652.268431	314.844318
652.463533	332.848988
652.658618	478.886871
652.853687	414.870265
653.048739	468.884276
653.243776	448.879087
653.438796	492.890503
653.633800	354.854696
653.828788	526.899325
654.023760	400.866632
654.218715	470.884795
654.413655	432.874935
654.608578	440.877011
654.803484	478.886871
654.998375	350.853659
655.193249	322.846393
655.388107	374.859886
655.582949	498.892060
655.777775	578.912818
655.972584	370.858848
656.167377	524.898806
656.362154	322.846393
656.556914	424.872859
656.751659	360.856253
656.946387	296.839647
657.141099	520.897769
657.335794	516.896731
657.530474	434.875454
657.725137	478.886871
657.919784	386.862999
658.114414	394.865075
658.309029	480.887390
658.503627	448.879087
658.698208	378.860924
658.892774	428.873897
659.087323	468.884276
659.281856	466.883757
659.476373	350.853659
659.670873	452.880125
659.865358	392.864556
660.059825	412.869746
660.254277	376.860405
660.448712	482.887909
660.643131	364.857291
660.837534	462.882719
661.031921	368.858329
661.226291	454.880643
661.420645	516.896731
661.614983	416.870784
661.809304	550.905553
662.003609	530.900363
662.197898	386.862999
662.392170	556.907109
662.586426	490.889984
662.780666	494.891022
662.974890	452.880125
663.169097	448.879087
663.363288	472.885314
663.557463	500.892579
663.751621	286.837052
663.945763	420.871821
664.139889	406.868189
664.333998	414.870265
664.528091	576.912299
664.722168	270.832901
664.916228	412.869746
665.110272	514.896212
665.304300	454.880643
665.498312	526.899325
665.692307	350.853659
665.886286	404.867670
666.080248	572.911261
666.274194	394.865075
666.468124	438.876492
666.662038	350.853659
666.855935	532.900882
667.049816	344.852102
667.243680	516.896731
667.437528	406.868189
667.631360	450.879606
667.825176	388.863518
668.018975	322.846393
668.212757	544.903996
668.406524	358.855734
668.600274	388.863518
668.794008	392.864556
668.987725	452.880125
669.181426	326.847431
669.375111	398.866113
669.568779	380.861443
669.762431	534.901401
669.956066	344.852102
670.149686	470.884795
670.343288	406.868189
670.536875	472.885314
670.730445	414.870265
670.923999	414.870265
671.117536	394.865075
671.311057	490.889984
671.504562	430.874416
671.698050	550.905553
671.891522	638.928386
672.084977	420.871821
672.278416	472.885314
672.471839	526.899325
672.665245	486.888947
672.858635	538.902439
673.052008	316.844837
673.245366	422.872340
673.438706	454.880643
673.632031	378.860924
673.825338	436.875973
674.018630	396.865594
674.211905	498.892060
674.405164	398.866113
674.598406	364.857291
674.791632	580.913337
674.984842	436.875973
675.178035	556.907109
675.371211	358.855734
675.564372	384.862481
675.757515	220.819927
675.950643	376.860405
676.143754	472.885314
676.336848	630.926310
676.529927	322.846393
676.722988	668.936170
676.916034	454.880643
677.109063	478.886871
677.302075	414.870265
677.495071	460.882200
677.688051	208.816814
677.881014	330.848469
678.073961	478.886871
678.266891	302.841204
678.459805	556.907109
678.652702	422.872340
678.845583	404.867670
679.038448	530.900363
679.231296	254.828749
679.424127	396.865594
679.616942	494.891022
679.809741	328.847950
680.002524	460.882200
680.195289	482.887909
680.388039	332.848988
680.580772	302.841204
680.773488	534.901401
680.966188	432.874935
681.158872	396.865594
681.351539	384.862481
681.544189	502.893098
681.736823	422.872340
681.929441	322.846393
682.122042	392.864556
682.314627	374.859886
682.507195	442.877530
682.699747	370.858848
682.892282	524.898806
683.084801	334.849507
683.277303	482.887909
683.469789	252.828230
683.662258	436.875973
683.854711	304.841723
684.047148	570.910742
684.239567	468.884276
684.431971	384.862481
684.624358	256.829268
684.816728	510.895174
685.009082	432.874935
685.201419	336.850026
685.393740	486.888947
685.586045	570.910742
685.778333	402.867151
685.970604	350.853659
686.162859	478.886871
686.355097	490.889984
686.547319	508.894655
686.739524	412.869746
686.931713	582.913856
687.123886	526.899325
687.316041	304.841723
687.508181	348.853140
687.700303	428.873897
687.892410	462.882719
688.084499	342.851583
688.276572	362.856772
688.468629	308.842761
688.660669	412.869746
688.852693	414.870265
689.044700	382.861962
689.236690	484.888428
689.428664	444.878049
689.620622	460.882200
689.812563	494.891022
690.004487	494.891022
690.196395	428.873897
690.388286	448.879087
690.580161	412.869746
690.772019	334.849507
690.963861	358.855734
691.155686	416.870784
691.347494	326.847431
691.539286	368.858329
691.731061	558.907628
691.922820	222.820446
692.114562	626.925272
692.306288	414.870265
692.497997	402.867151
692.689690	454.880643
692.881366	550.905553
693.073025	384.862481
693.264668	550.905553
693.456295	484.888428
693.647904	414.870265
693.839497	342.851583
694.031074	502.893098
694.222634	430.874416
694.414177	492.890503
694.605704	306.842242
694.797214	326.847431
694.988708	462.882719
695.180185	530.900363
695.371646	432.874935
695.563089	356.855215
695.754517	322.846393
695.945927	450.879606
696.137321	460.882200
696.328699	422.872340
696.520060	356.855215
696.711404	432.874935
696.902732	200.814738
697.094043	428.873897
697.285337	390.864037
697.476615	380.861443
697.667876	566.909704
697.859121	290.838090
698.050349	404.867670
698.241560	662.934613
698.432755	332.848988
698.623933	462.882719
698.815095	448.879087
699.006240	380.861443
699.197368	302.841204
699.388480	404.867670
699.579575	338.850545
699.770653	518.897250
699.961715	380.861443
700.152760	430.874416
700.343789	412.869746
700.534800	296.839647
700.725796	410.869227
700.916774	400.866632
701.107736	466.883757
701.298681	372.859367
701.489610	426.873378
701.680522	472.885314
701.871417	606.920083
702.062296	440.877011
702.253158	516.896731
702.444004	436.875973
702.634832	490.889984
702.825644	454.880643
703.016440	466.883757
703.207219	404.867670
703.397981	468.884276
703.588726	536.901920
703.779455	386.862999
703.970167	484.888428
704.160863	772.963155
704.351541	552.906072
704.542203	390.864037
704.732849	328.847950
704.923478	448.879087
705.114090	440.877011
705.304685	430.874416
705.495264	466.883757
705.685826	478.886871
705.876371	454.880643
706.066900	510.895174
706.257412	382.861962
706.447907	568.910223
706.638385	542.903477
706.828847	606.920083
707.019292	502.893098
707.209721	482.887909
707.400133	490.889984
707.590528	574.911780
707.780906	550.905553
707.971268	466.883757
708.161613	516.896731
708.351941	544.903996
708.542253	422.872340
708.732548	518.897250
708.922826	480.887390
709.113087	516.896731
709.303332	386.862999
709.493560	434.875454
709.683771	534.901401
709.873966	370.858848
710.064143	500.892579
710.254304	504.893617
710.444449	428.873897
710.634576	394.865075
710.824687	428.873897
711.014782	332.848988
711.204859	482.887909
711.394920	544.903996
711.584964	472.885314
711.774991	412.869746
711.965001	392.864556
712.154995	484.888428
712.344972	486.888947
712.534932	594.916969
712.724876	344.852102
712.914803	518.897250
713.104713	388.863518
713.294606	350.853659
713.484483	368.858329
713.674342	334.849507
713.864185	374.859886
714.054011	612.921640
714.243821	434.875454
714.433614	490.889984
714.623390	506.894136
714.813149	418.871303
715.002891	552.906072
715.192617	364.857291
715.382326	412.869746
715.572018	304.841723
715.761693	408.868708
715.951352	346.852621
716.140993	476.886352
716.330618	368.858329
716.520227	438.876492
716.709818	334.849507
716.899393	376.860405
717.088951	308.842761
717.278492	450.879606
717.468016	498.892060
717.657523	490.889984
717.847014	438.876492
718.036488	412.869746
718.225945	480.887390
718.415385	344.852102
718.604809	488.889465
718.794216	410.869227
718.983606	348.853140
719.172979	366.857810
719.362335	394.865075
719.551674	466.883757
719.740997	428.873897
719.930303	392.864556
720.119592	418.871303
720.308864	256.829268
720.498120	388.863518
720.687358	376.860405
720.876580	374.859886
721.065785	356.855215
721.254973	486.888947
721.444144	496.891541
721.633299	486.888947
721.822436	434.875454
722.011557	336.850026
722.200661	402.867151
722.389748	502.893098
722.578818	450.879606
722.767872	456.881162
722.956909	318.845355
723.145928	368.858329
723.334931	330.848469
723.523917	236.824079
723.712887	322.846393
723.901839	358.855734
724.090775	430.874416
724.279693	388.863518
724.468595	488.889465
724.657480	296.839647
724.846348	430.874416
725.035199	330.848469
725.224034	508.894655
725.412851	474.885833
725.601652	410.869227
725.790436	462.882719
725.979203	320.845874
726.167953	372.859367
726.356686	408.868708
726.545402	440.877011
726.734102	462.882719
726.922784	438.876492
727.111450	340.851064
727.300099	302.841204
727.488731	574.911780
727.677346	478.886871
727.865944	350.853659
728.054525	416.870784
728.243090	478.886871
728.431637	338.850545
728.620168	474.885833
728.808682	458.881681
728.997178	286.837052
729.185658	350.853659
729.374121	408.868708
729.562567	304.841723
729.750997	364.857291
729.939409	438.876492
730.127804	414.870265
730.316183	410.869227
730.504545	442.877530
730.692889	500.892579
730.881217	430.874416
731.069528	386.862999
731.257822	392.864556
731.446099	428.873897
731.634359	436.875973
731.822602	382.861962
732.010828	596.917488
732.199038	394.865075
732.387230	452.880125
732.575406	368.858329
732.763564	294.839128
732.951706	480.887390
733.139831	368.858329
733.327938	296.839647
733.516029	310.843280
733.704103	378.860924
733.892160	494.891022
734.080200	386.862999
734.268223	514.896212
734.456229	458.881681
734.644218	400.866632
734.832191	286.837052
735.020146	376.860405
735.208084	476.886352
735.396006	296.839647
735.583910	446.878568
735.771797	498.892060
735.959668	338.850545
736.147522	428.873897
736.335358	482.887909
736.523178	254.828749
736.710980	384.862481
736.898766	504.893617
737.086535	328.847950
737.274286	532.900882
737.462021	474.885833
737.649739	426.873378
737.837440	326.847431
738.025124	362.856772
738.212791	392.864556
738.400440	484.888428
738.588073	568.910223
738.775689	358.855734
738.963288	320.845874
739.150870	510.895174
739.338435	448.879087
739.525983	450.879606
739.713514	458.881681
739.901028	378.860924
740.088525	494.891022
740.276005	366.857810
740.463468	476.886352
740.650914	624.924754
740.838343	392.864556
741.025755	358.855734
741.213150	394.865075
741.400528	384.862481
741.587889	430.874416
741.775233	286.837052
741.962559	438.876492
742.149869	492.890503
742.337162	486.888947
742.524438	502.893098
742.711697	342.851583
742.898939	378.860924
743.086164	344.852102
743.273371	370.858848
743.460562	354.854696
743.647736	414.870265
743.834892	384.862481
744.022032	462.882719
744.209155	456.881162
744.396260	496.891541
744.583349	394.865075
744.770420	394.865075
744.957475	354.854696
745.144512	366.857810
745.331533	438.876492
745.518536	412.869746
745.705522	348.853140
745.892491	400.866632
746.079444	410.869227
746.266379	430.874416
746.453297	340.851064
746.640198	372.859367
746.827082	382.861962
747.013949	336.850026
747.200798	362.856772
747.387631	376.860405
747.574447	516.896731
747.761246	610.921121
747.948027	398.866113
748.134792	464.883238
748.321539	402.867151
748.508269	380.861443
748.694983	376.860405
748.881679	398.866113
749.068358	462.882719
749.255020	440.877011
749.441665	488.889465
749.628293	466.883757
749.814904	422.872340
750.001497	442.877530
750.188074	362.856772
750.374633	438.876492
750.561176	424.872859
750.747701	370.858848
750.934209	300.840685
751.120701	376.860405
751.307175	466.883757
751.493631	354.854696
751.680071	464.883238
751.866494	436.875973
752.052900	322.846393
752.239288	912.999481
752.425660	468.884276
752.612014	510.895174
752.798351	396.865594
752.984671	552.906072
753.170974	366.857810
753.357260	452.880125
753.543529	386.862999
753.729780	472.885314
753.916015	650.931500
754.102232	430.874416
754.288432	436.875973
754.474615	396.865594
754.660781	422.872340
754.846930	316.844837
755.033062	374.859886
755.219176	364.857291
755.405274	492.890503
755.591354	434.875454
755.777417	476.886352
755.963463	506.894136
756.149492	476.886352
756.335503	484.888428
756.521498	308.842761
756.707475	432.874935
756.893436	360.856253
757.079379	568.910223
757.265305	436.875973
757.451213	372.859367
757.637105	382.861962
757.822979	362.856772
758.008837	426.873378
758.194677	376.860405
758.380500	424.872859
758.566306	442.877530
758.752094	404.867670
758.937866	332.848988
759.123620	462.882719
759.309357	398.866113
759.495077	436.875973
759.680780	360.856253
759.866465	516.896731
760.052134	490.889984
760.237785	514.896212
760.423419	516.896731
760.609036	394.865075
760.794636	384.862481
760.980218	600.918526
761.165783	328.847950
761.351331	408.868708
761.536862	520.897769
761.722376	402.867151
761.907873	426.873378
762.093352	450.879606
762.278814	506.894136
762.464259	478.886871
762.649687	412.869746
762.835097	368.858329
763.020490	480.887390
763.205866	480.887390
763.391225	422.872340
763.576567	316.844837
763.761891	338.850545
763.947199	334.849507
764.132489	346.852621
764.317761	582.913856
764.503017	356.855215
764.688255	412.869746
764.873476	534.901401
765.058680	448.879087
765.243867	430.874416
765.429036	468.884276
765.614188	380.861443
765.799323	334.849507
765.984441	342.851583
766.169542	518.897250
766.354625	388.863518
766.539691	440.877011
766.724740	426.873378
766.909771	246.826674
767.094785	370.858848
767.279782	424.872859
767.464762	322.846393
767.649725	432.874935
767.834670	318.845355
768.019598	388.863518
768.204509	402.867151
768.389402	472.885314
768.574278	174.807992
768.759137	610.921121
768.943979	476.886352
769.128804	384.862481
769.313611	390.864037
769.498401	494.891022
769.683173	464.883238
769.867929	452.880125
770.052667	414.870265
770.237388	430.874416
770.422091	270.832901
770.606777	498.892060
770.791446	536.901920
770.976098	270.832901
771.160733	278.834977
771.345350	430.874416
771.529950	360.856253
771.714532	462.882719
771.899097	370.858848
772.083645	522.898287
772.268176	350.853659
772.452689	370.858848
772.637185	494.891022
772.821664	348.853140
773.006126	392.864556
773.190570	418.871303
773.374997	352.854177
773.559406	374.859886
773.743799	540.902958
773.928174	462.882719
774.112531	396.865594
774.296872	362.856772
774.481195	398.866113
774.665500	440.877011
774.849789	538.902439
775.034060	340.851064
775.218313	472.885314
775.402550	394.865075
775.586769	386.862999
775.770971	452.880125
775.955155	400.866632
776.139322	366.857810
776.323472	436.875973
776.507605	380.861443
776.691720	456.881162
776.875817	326.847431
777.059898	446.878568
777.243961	536.901920
777.428007	448.879087
777.612035	378.860924
777.796046	442.877530
777.980040	338.850545
778.164016	398.866113
778.347975	514.896212
778.531917	500.892579
778.715841	360.856253
778.899748	412.869746
779.083638	310.843280
779.267510	460.882200
779.451365	364.857291
779.635202	442.877530
779.819022	360.856253
780.002825	470.884795
780.186611	344.852102
780.370379	452.880125
780.554129	440.877011
780.737863	402.867151
780.921579	390.864037
781.105277	462.882719
781.288958	476.886352
781.472622	314.844318
781.656268	424.872859
781.839898	398.866113
782.023509	406.868189
782.207103	456.881162
782.390680	388.863518
782.574240	378.860924
782.757782	338.850545
782.941306	394.865075
783.124814	278.834977
783.308304	408.868708
783.491776	388.863518
783.675231	336.850026
783.858669	528.899844
784.042089	342.851583
784.225492	406.868189
784.408878	384.862481
784.592246	322.846393
784.775596	430.874416
784.958929	350.853659
785.142245	506.894136
785.325544	426.873378
785.508825	320.845874
785.692088	202.815257
785.875334	254.828749
786.058563	528.899844
786.241774	332.848988
786.424968	350.853659
786.608145	544.903996
786.791304	470.884795
786.974445	450.879606
787.157569	368.858329
787.340676	326.847431
787.523765	370.858848
787.706837	538.902439
787.889892	388.863518
788.072929	470.884795
788.255948	330.848469
788.438950	316.844837
788.621935	296.839647
788.804902	540.902958
788.987852	450.879606
789.170784	444.878049
789.353699	528.899844
789.536596	466.883757
789.719476	436.875973
789.902338	392.864556
790.085183	332.848988
790.268011	458.881681
790.450821	316.844837
790.633614	444.878049
790.816389	398.866113
790.999146	440.877011
791.181887	476.886352
791.364609	468.884276
791.547314	436.875973
791.730002	630.926310
791.912673	214.818371
792.095325	408.868708
792.277961	388.863518
792.460578	476.886352
792.643179	394.865075
792.825762	578.912818
793.008327	354.854696
793.190875	328.847950
793.373405	368.858329
793.555918	348.853140
793.738414	420.871821
793.920891	412.869746
794.103352	482.887909
794.285795	458.881681
794.468220	352.854177
794.650628	484.888428
794.833018	400.866632
795.015391	376.860405
795.197747	340.851064
795.380085	326.847431
795.562405	496.891541
795.744708	582.913856
795.926993	358.855734
796.109261	408.868708
796.291511	342.851583
796.473744	382.861962
796.655959	414.870265
796.838157	442.877530
797.020337	466.883757
797.202500	542.903477
797.384645	406.868189
797.566772	482.887909
797.748883	368.858329
797.930975	432.874935
798.113050	386.862999
798.295108	546.904515
798.477147	432.874935
798.659170	434.875454
798.841175	350.853659
799.023162	396.865594
799.205132	676.938246
799.387084	546.904515
799.569018	516.896731
799.750936	350.853659
799.932835	356.855215
800.114717	212.817852
800.296582	452.880125
800.478428	404.867670
800.660258	250.827711
800.842069	384.862481
801.023864	400.866632
801.205640	436.875973
801.387399	504.893617
801.569141	380.861443
801.750865	402.867151
801.932571	370.858848
802.114260	436.875973
802.295931	366.857810
802.477584	284.836533
802.659220	404.867670
802.840839	304.841723
803.022440	472.885314
803.204023	410.869227
803.385589	352.854177
803.567137	324.846912
803.748667	374.859886
803.930180	354.854696
804.111676	388.863518
804.293153	534.901401
804.474613	396.865594
804.656056	338.850545
804.837481	344.852102
805.018888	400.866632
805.200278	370.858848
805.381650	468.884276
805.563005	464.883238
805.744341	362.856772
805.925661	390.864037
806.106962	532.900882
806.288246	272.833420
806.469513	386.862999
806.650762	316.844837
806.831993	434.875454
807.013207	440.877011
807.194403	474.885833
807.375581	372.859367
807.556742	416.870784
807.737885	448.879087
807.919010	430.874416
808.100118	460.882200
808.281208	356.855215
808.462281	314.844318
808.643336	426.873378
808.824373	370.858848
809.005393	360.856253
809.186395	332.848988
809.367379	528.899844
809.548346	308.842761
809.729295	468.884276
809.910226	254.828749
810.091140	536.901920
810.272036	318.845355
810.452915	328.847950
810.633775	372.859367
810.814619	326.847431
810.995444	422.872340
811.176252	274.833939
811.357042	322.846393
811.537815	524.898806
811.718569	398.866113
811.899307	422.872340
812.080026	432.874935
812.260728	352.854177
812.441412	400.866632
812.622079	402.867151
812.802727	490.889984
812.983359	358.855734
813.163972	538.902439
813.344568	310.843280
813.525146	552.906072
813.705706	500.892579
813.886249	394.865075
814.066774	432.874935
814.247281	334.849507
814.427771	330.848469
814.608243	464.883238
814.788697	460.882200
814.969134	546.904515
815.149553	474.885833
815.329954	360.856253
815.510337	358.855734
815.690703	360.856253
815.871051	392.864556
816.051382	432.874935
816.231694	626.925272
816.411989	290.838090
816.592266	334.849507
816.772526	350.853659
816.952768	418.871303
817.132992	380.861443
817.313198	368.858329
817.493387	1435.134925
817.673558	362.856772
817.853711	376.860405
818.033846	404.867670
818.213964	422.872340
818.394064	292.838609
818.574146	500.892579
818.754211	430.874416
818.934258	420.871821
819.114287	454.880643
819.294298	360.856253
819.474292	480.887390
819.654267	382.861962
819.834226	452.880125
820.014166	418.871303
820.194089	390.864037
820.373993	414.870265
820.553881	394.865075
820.733750	400.866632
820.913602	508.894655
821.093435	478.886871
821.273252	338.850545
821.453050	396.865594
821.632830	306.842242
821.812593	380.861443
821.992338	442.877530
822.172066	360.856253
822.351775	344.852102
822.531467	484.888428
822.711141	516.896731
822.890797	356.855215
823.070436	430.874416
823.250056	586.914894
823.429659	224.820965
823.609244	412.869746
823.788812	360.856253
823.968361	374.859886
824.147893	364.857291
824.327407	478.886871
824.506903	292.838609
824.686381	458.881681
824.865842	398.866113
825.045285	368.858329
825.224710	470.884795
825.404117	404.867670
825.583507	376.860405
825.762878	394.865075
825.942232	442.877530
826.121568	438.876492
826.300886	440.877011
826.480187	394.865075
826.659469	368.858329
826.838734	432.874935
827.017981	422.872340
827.197210	402.867151
827.376422	456.881162
827.555615	310.843280
827.734791	534.901401
827.913949	338.850545
828.093089	396.865594
828.272211	586.914894
828.451315	462.882719
828.630402	410.869227
828.809471	332.848988
828.988522	496.891541
829.167555	264.831344
829.346570	334.849507
829.525568	380.861443
829.704547	400.866632
829.883509	410.869227
830.062453	378.860924
830.241379	454.880643
830.420287	484.888428
830.599177	418.871303
830.778050	364.857291
830.956905	424.872859
831.135742	350.853659
831.314561	436.875973
831.493362	396.865594
831.672145	432.874935
831.850910	446.878568
832.029658	286.837052
832.208388	376.860405
832.387099	464.883238
832.565793	410.869227
832.744469	346.852621
832.923128	450.879606
833.101768	446.878568
833.280391	366.857810
833.458995	296.839647
833.637582	420.871821
833.816151	328.847950
833.994702	362.856772
834.173235	370.858848
834.351750	426.873378
834.530247	572.911261
834.708727	294.839128
834.887188	416.870784
835.065632	352.854177
835.244058	492.890503
835.422466	520.897769
835.600856	386.862999
835.779228	494.891022
835.957582	398.866113
836.135918	356.855215
836.314237	450.879606
836.492537	368.858329
836.670820	334.849507
836.849084	366.857810
837.027331	424.872859
837.205560	280.835496
837.383771	486.888947
837.561964	318.845355
837.740139	314.844318
837.918296	414.870265
838.096436	434.875454
838.274557	294.839128
838.452660	450.879606
838.630746	448.879087
838.808814	342.851583
838.986863	344.852102
839.164895	454.880643
839.342909	284.836533
839.520905	534.901401
839.698883	422.872340
839.876843	418.871303
840.054785	298.840166
840.232709	392.864556
840.410615	410.869227
840.588503	446.878568
840.766374	408.868708
840.944226	468.884276
841.122060	370.858848
841.299877	404.867670
841.477675	474.885833
841.655456	366.857810
841.833218	404.867670
842.010963	392.864556
842.188690	584.914375
842.366399	344.852102
842.544089	398.866113
842.721762	420.871821
842.899417	534.901401
843.077054	434.875454
843.254673	494.891022
843.432274	210.817333
843.609857	460.882200
843.787422	354.854696
843.964969	560.908147
844.142498	522.898287
844.320009	380.861443
844.497502	368.858329
844.674977	468.884276
844.852434	370.858848
845.029873	280.835496
845.207294	472.885314
845.384697	434.875454
845.562083	344.852102
845.739450	276.834458
845.916799	462.882719
846.094130	490.889984
846.271443	360.856253
846.448738	546.904515
846.626016	256.829268
846.803275	442.877530
846.980516	384.862481
847.157739	606.920083
847.334944	440.877011
847.512131	378.860924
847.689301	392.864556
847.866452	510.895174
848.043585	362.856772
848.220700	354.854696
848.397797	524.898806
848.574876	266.831863
848.751937	546.904515
848.928980	316.844837
849.106005	256.829268
849.283012	340.851064
849.460001	388.863518
849.636972	384.862481
849.813925	432.874935
849.990859	270.832901
850.167776	352.854177
850.344675	328.847950
850.521556	478.886871
850.698418	422.872340
850.875263	438.876492
851.052090	506.894136
851.228898	374.859886
851.405689	454.880643
851.582461	450.879606
851.759216	354.854696
851.935952	420.871821
852.112670	462.882719
852.289370	438.876492
852.466053	532.900882
852.642717	564.909185
852.819363	356.855215
852.995991	470.884795
853.172601	594.916969
853.349193	412.869746
853.525766	276.834458
853.702322	480.887390
853.878860	462.882719
854.055379	316.844837
854.231881	364.857291
854.408364	452.880125
854.584830	314.844318
854.761277	554.906591
854.937706	440.877011
855.114117	556.907109
855.290510	436.875973
855.466885	372.859367
855.643242	544.903996
855.819581	414.870265
855.995901	416.870784
856.172204	256.829268
856.348488	532.900882
856.524755	494.891022
856.701003	414.870265
856.877233	414.870265
857.053445	354.854696
857.229639	444.878049
857.405815	350.853659
857.581973	310.843280
857.758113	574.911780
857.934234	804.971458
858.110338	416.870784
858.286423	462.882719
858.462490	418.871303
858.638539	338.850545
858.814570	480.887390
858.990583	426.873378
859.166578	386.862999
859.342554	352.854177
859.518513	504.893617
859.694453	406.868189
859.870375	416.870784
860.046279	468.884276
860.222165	438.876492
860.398033	498.892060
860.573883	466.883757
860.749714	430.874416
860.925528	464.883238
861.101323	486.888947
861.277100	436.875973
861.452859	440.877011
861.628600	326.847431
861.804322	278.834977
861.980027	418.871303
862.155713	412.869746
862.331381	346.852621
862.507031	326.847431
862.682663	362.856772
862.858277	412.869746
863.033873	372.859367
863.209450	348.853140
863.385009	454.880643
863.560550	280.835496
863.736073	508.894655
863.911578	448.879087
864.087065	412.869746
864.262533	494.891022
864.437983	346.852621
864.613415	356.855215
864.788829	382.861962
864.964225	568.910223
865.139602	414.870265
865.314962	412.869746
865.490303	308.842761
865.665626	334.849507
865.840930	318.845355
866.016217	350.853659
866.191485	344.852102
866.366735	504.893617
866.541967	474.885833
866.717181	298.840166
866.892377	406.868189
867.067554	322.846393
867.242713	454.880643
867.417854	544.903996
867.592977	340.851064
867.768082	330.848469
867.943168	400.866632
868.118236	526.899325
868.293286	438.876492
868.468318	332.848988
868.643331	412.869746
868.818327	294.839128
868.993304	510.895174
869.168263	478.886871
869.343203	368.858329
869.518126	484.888428
869.693030	310.843280
869.867916	478.886871
870.042783	322.846393
870.217633	338.850545
870.392464	400.866632
870.567277	366.857810
870.742072	474.885833
870.916848	348.853140
871.091607	448.879087
871.266347	394.865075
871.441069	474.885833
871.615772	648.930981
871.790458	340.851064
871.965125	430.874416
872.139773	416.870784
872.314404	336.850026
872.489016	646.930462
872.663610	364.857291
872.838186	446.878568
873.012744	430.874416
873.187283	474.885833
873.361804	454.880643
873.536307	316.844837
873.710791	458.881681
873.885258	474.885833
874.059705	464.883238
874.234135	378.860924
874.408547	608.920602
874.582940	484.888428
874.757315	368.858329
874.931671	346.852621
875.106009	380.861443
875.280329	498.892060
875.454631	508.894655
875.628915	706.946030
875.803180	376.860405
875.977427	388.863518
876.151655	512.895693
876.325866	548.905034
876.500058	424.872859
876.674231	594.916969
876.848387	364.857291
877.022524	618.923197
877.196643	476.886352
877.370743	478.886871
877.544825	380.861443
877.718889	600.918526
877.892935	336.850026
878.066962	564.909185
878.240971	462.882719
878.414962	608.920602
878.588934	454.880643
878.762888	614.922159
878.936824	460.882200
879.110741	590.915931
879.284640	498.892060
879.458521	482.887909
879.632384	590.915931
879.806228	628.925791
879.980053	638.928386
880.153861	600.918526
880.327650	672.937208
880.501421	702.944992
880.675173	668.936170
880.848907	702.944992
881.022623	738.954333
881.196320	766.961598
881.370000	738.954333
881.543660	656.933057
881.717303	666.935651
881.890927	724.950701
882.064532	754.958485
882.238120	804.971458
882.411689	750.957447
882.585239	820.975610
882.758772	896.995330
882.932286	812.973534
883.105781	760.960042
883.279259	971.014530
883.452717	860.985989
883.626158	1019.026985
883.799580	1041.032693
883.972984	1195.072652
884.146369	1073.040996
884.319736	1061.037883
884.493085	1145.059678
884.666415	1091.045667
884.839727	1129.055527
885.013020	1271.092372
885.186296	1313.103269
885.359552	1295.098599
885.532791	1265.090815
885.706011	1371.118319
885.879212	1415.129735
886.052396	1411.128697
886.225560	1343.111053
886.398707	1435.134925
886.571835	1593.175921
886.744945	1807.231448
886.918036	1633.186300
887.091109	1655.192008
887.264163	1797.228853
887.437199	1751.216917
887.610217	1799.229372
887.783216	1867.247016
887.956197	1975.275039
888.129159	2009.283861
888.302103	2087.304100
888.475029	2231.341463
888.647936	2185.329528
888.820825	2419.390244
888.993695	2223.339388
889.166547	2387.381941
889.339381	2403.386092
889.512196	2615.441100
889.684992	2525.417748
889.857771	2679.457706
890.030530	2721.468604
890.203272	2921.520498
890.375995	2919.519979
890.548699	2965.531915
890.721385	2839.499222
890.894053	3003.541775
891.066702	2927.522055
891.239333	3211.595745
891.411945	3117.571354
891.584539	3379.639336
891.757115	3309.621173
891.929672	3371.637260
892.102210	3465.661650
892.274730	3821.754022
892.447232	3789.745719
892.619715	4033.809030
892.792180	3973.793461
892.964626	4375.897769
893.137054	4269.870265
893.309463	4213.855734
893.481854	4531.938246
893.654227	4465.921121
893.826581	4828.015049
893.998916	4681.977167
894.171233	4934.042553
894.343532	4882.029061
894.515812	4964.050337
894.688074	5146.097561
894.860317	5176.105345
895.032541	5178.105864
895.204748	5476.183186
895.376935	5594.213804
895.549105	5684.237156
895.721255	5860.282823
895.893388	6016.323300
896.065501	6534.457706
896.237597	6292.394914
896.409673	6598.474312
896.581732	6782.522055
896.753771	6952.566165
896.925793	7186.626881
897.097796	6998.578101
897.269780	7082.599896
897.441746	7370.674624
897.613693	7460.697976
897.785622	7504.709393
897.957532	7530.716139
898.129424	7912.815257
898.301297	7784.782045
898.473152	8034.846912
898.644988	8388.938765
898.816806	8608.995848
898.988605	8737.029061
899.160386	8957.086144
899.332148	9121.128697
899.503892	9271.167618
899.675617	9661.268812
899.847323	10029.364297
900.019011	10111.385573
900.190681	10041.367410
900.362332	9983.352361
900.533964	10163.399066
900.705578	10755.552673
900.877174	10799.564089
901.048751	11517.750389
901.220309	11799.823560
901.391849	12253.941360
901.563370	12109.903996
901.734873	12319.958485
901.906357	12548.017644
902.077823	12680.051894
902.249270	12984.130773
902.420698	13644.302024
902.592108	13800.342501
902.763499	14142.431240
902.934872	14304.473275
903.106227	14816.606124
903.277562	14962.644006
903.448879	15032.662169
903.620178	15412.760768
903.791458	15736.844837
903.962720	16004.914375
904.133962	16246.977167
904.305187	16236.974572
904.476393	16735.103788
904.647580	17553.316035
904.818748	17827.387130
904.989898	18253.497665
905.161030	18279.504411
905.332143	19033.700052
905.503237	19161.733264
905.674313	20027.957966
905.845370	19591.844837
906.016408	19873.918007
906.187428	20546.092372
906.358430	20602.106902
906.529412	20608.108459
906.700377	20990.207577
906.871322	21114.239751
907.042249	21310.290607
907.213158	22042.480540
907.384047	22606.626881
907.554918	22588.622211
907.725771	22270.539699
907.896605	22972.721847
908.067420	22950.716139
908.238217	23076.748832
908.408995	23128.762325
908.579755	23400.832901
908.750496	23292.804878
908.921218	23888.959523
909.091922	24605.145304
909.262607	25063.264141
909.433273	24815.199792
909.603921	24817.200311
909.774550	25187.296316
909.945161	25533.386092
910.115752	26137.542813
910.286326	26593.661131
910.456880	26679.683446
910.627416	27187.815257
910.797934	27173.811624
910.968433	27928.007265
911.138913	27519.901401
911.309374	27513.899844
911.479817	28368.121432
911.650241	28034.034769
911.820647	28426.136482
911.991033	28266.094966
912.161402	28104.052932
912.331751	27605.923716
912.502082	27411.873378
912.672395	28076.045667
912.842688	28432.138038
913.012963	28802.234043
913.183219	29134.320187
913.353457	28928.266736
913.523676	28856.248054
913.693876	29306.364816
913.864058	29404.390244
914.034221	29538.425013
914.204365	29690.464453
914.374491	29506.416710
914.544598	29528.422418
914.714686	29612.444214
914.884756	28776.227296
915.054807	28744.218993
915.224839	29052.298910
915.394853	29542.426051
915.564847	29868.510638
915.734824	29494.413596
915.904781	29174.330566
916.074720	29272.355994
916.244640	29730.474831
916.414542	29192.335236
916.584424	29330.371043
916.754288	29162.327452
916.924134	29342.374157
917.093960	29148.323819
917.263768	28014.029580
917.433558	28000.025947
917.603328	28672.200311
917.773080	28510.158277
917.942813	28948.271925
918.112527	28362.119875
918.282223	28270.096004
918.451900	27401.870784
918.621558	27541.907109
918.791198	27275.838090
918.960819	26467.628438
919.130421	26969.758692
919.300004	26887.737416
919.469569	26453.624805
919.639115	26691.686559
919.808642	26447.623249
919.978151	26279.579657
920.147641	26177.553191
920.317112	25965.498184
920.486564	25203.300467
920.655997	25105.275039
920.825412	24297.065387
920.994808	23958.977686
921.164186	23656.899325
921.333544	23526.865594
921.502884	23018.733783
921.672205	23046.741048
921.841508	22332.555786
922.010791	22138.505449
922.180056	21880.438505
922.349302	21294.286456
922.518530	21068.227815
922.687738	20560.096004
922.856928	20734.141152
923.026099	20614.110016
923.195252	20236.011936
923.364385	19671.865594
923.533500	19561.837052
923.702596	19047.703684
923.871673	18871.658018
924.040732	18823.645563
924.209771	18837.649196
924.378792	18513.565127
924.547795	18005.433316
924.716778	17661.344058
924.885743	17737.363778
925.054688	17371.268812
925.223615	17101.198755
925.392524	16947.158796
925.561413	16831.128697
925.730284	16609.071095
925.899136	16186.961598
926.067969	15750.848469
926.236783	15650.822522
926.405579	15072.672548
926.574356	14856.616502
926.743114	14638.559938
926.911853	14652.563570
927.080573	14226.453036
927.249275	13772.335236
927.417957	13860.358070
927.586621	13360.228334
927.755266	12990.132330
927.923893	12818.087701
928.092500	12806.084587
928.261089	12546.017125
928.429659	12231.935651
928.598210	11719.802802
928.766742	11813.827193
928.935256	11679.792423
929.103750	11329.701609
929.272226	10883.585885
929.440683	10883.585885
929.609121	10703.539180
929.777540	10583.508044
929.945941	10321.440062
930.114322	10121.388168
930.282685	9677.272963
930.451029	9835.313960
930.619354	9443.212247
930.787661	9401.201349
930.955948	9257.163985
931.124217	8751.032693
931.292466	8552.981318
931.460697	8520.973015
931.628909	8452.955371
931.797103	8284.911780
931.965277	8050.851064
932.133433	8048.850545
932.301569	7596.733264
932.469687	7474.701609
932.637786	7150.617540
932.805866	6920.557862
932.973927	6936.562013
933.141970	6690.498184
933.309993	6552.462377
933.477998	6762.516866
933.645984	6588.471718
933.813951	6120.350285
933.981899	6076.338869
934.149828	6252.384536
934.317738	5836.276596
934.485629	5634.224183
934.653502	5356.152050
934.821356	5234.120394
934.989190	5158.100675
935.157006	5014.063311
935.324803	4892.031655
935.492581	4858.022833
935.660341	4643.967307
935.828081	4609.958485
935.995802	4325.884795
936.163505	4085.822522
936.331189	4143.837571
936.498853	4089.823560
936.666499	3971.792942
936.834126	3817.752984
937.001734	3789.745719
937.169323	3691.720291
937.336894	3591.694344
937.504445	3509.673067
937.671977	3455.659056
937.839491	3373.637779
938.006985	3337.628438
938.174461	3271.611313
938.341918	3293.617021
938.509356	3175.586404
938.676775	3121.572392
938.844175	2955.529320
939.011556	2839.499222
939.178918	2889.512195
939.346261	2955.529320
939.513586	2863.505449
939.680891	2873.508044
939.848177	2795.487805
940.015445	2587.433835
940.182693	2553.425013
940.349923	2635.446290
940.517134	2467.402698
940.684326	2297.358588
940.851498	2341.370005
941.018652	2291.357032
941.185787	2325.365854
941.352903	2201.333679
941.520000	2063.297872
941.687078	2209.335755
941.854137	2069.299429
942.021178	1869.247535
942.188199	2059.296834
942.355201	1803.230410
942.522184	1891.253243
942.689149	1773.222626
942.856094	1805.230929
943.023021	1821.235080
943.189928	1797.228853
943.356817	1477.145823
943.523686	1445.137519
943.690537	1721.209133
943.857368	1357.114686
944.024181	1421.131292
944.190974	1461.141671
944.357749	1381.120913
944.524505	1347.112091
944.691241	1277.093928
944.857959	1273.092891
945.024658	1337.109497
945.191338	1265.090815
945.357998	1145.059678
945.524640	1761.219512
945.691263	1159.063311
945.857867	1023.028023
946.024451	1059.037364
946.191017	1051.035288
946.357564	1083.043591
946.524092	931.004152
946.690601	1147.060197
946.857090	1053.035807
947.023561	1037.031655
947.190013	965.012974
947.356446	945.007784
947.522859	965.012974
947.689254	892.994292
947.855630	904.997405
948.021986	860.985989
948.188324	730.952257
948.354643	1269.091853
948.520942	744.955890
948.687223	838.980280
948.853485	816.974572
949.019727	804.971458
949.185951	708.946549
949.352155	786.966788
949.518341	866.987545
949.684507	662.934613
949.850655	656.933057
950.016783	712.947587
950.182892	716.948625
950.348983	652.932019
950.515054	658.933576
950.681106	626.925272
950.847139	570.910742
951.013153	664.935132
951.179148	524.898806
951.345124	548.905034
951.511081	572.911261
951.677019	596.917488
951.842938	666.935651
952.008838	472.885314
952.174719	648.930981
952.340580	544.903996
952.506423	576.912299
952.672247	560.908147
952.838051	742.955371
953.003837	534.901401
953.169603	618.923197
953.335350	638.928386
953.501078	558.907628
953.666788	462.882719
953.832478	542.903477
953.998149	472.885314
954.163800	630.926310
954.329433	410.869227
954.495047	530.900363
954.660642	518.897250
954.826217	418.871303
954.991774	498.892060
955.157311	488.889465
955.322829	428.873897
955.488329	442.877530
955.653809	488.889465
955.819270	464.883238
955.984712	462.882719
956.150134	428.873897
956.315538	460.882200
956.480923	562.908666
956.646288	370.858848
956.811635	430.874416
956.976962	524.898806
957.142270	564.909185
957.307559	440.877011
957.472829	436.875973
957.638080	450.879606
957.803312	580.913337
957.968524	432.874935
958.133718	454.880643
958.298892	356.855215
958.464047	404.867670
958.629184	492.890503
958.794301	466.883757
958.959398	290.838090
959.124477	436.875973
959.289537	228.822003
959.454577	424.872859
959.619598	480.887390
959.784601	344.852102
959.949584	320.845874
960.114548	456.881162
960.279492	378.860924
960.444418	398.866113
960.609324	450.879606
960.774212	402.867151
960.939080	522.898287
961.103929	428.873897
961.268759	618.923197
961.433569	384.862481
961.598361	416.870784
961.763133	504.893617
961.927887	516.896731
962.092621	312.843799
962.257336	382.861962
962.422031	338.850545
962.586708	402.867151
962.751365	612.921640
962.916004	706.946030
963.080623	390.864037
963.245222	376.860405
963.409803	544.903996
963.574365	348.853140
963.738907	324.846912
963.903430	478.886871
964.067934	330.848469
964.232419	302.841204
964.396885	484.888428
964.561331	328.847950
964.725758	338.850545
964.890166	388.863518
965.054555	270.832901
965.218925	336.850026
965.383275	766.961598
965.547607	408.868708
965.711919	460.882200
965.876212	386.862999
966.040485	370.858848
966.204740	454.880643
966.368975	422.872340
966.533191	308.842761
966.697388	528.899844
966.861565	536.901920
967.025724	398.866113
967.189863	422.872340
967.353983	272.833420
967.518084	442.877530
967.682165	498.892060
967.846228	366.857810
968.010271	422.872340
968.174294	438.876492
968.338299	344.852102
968.502285	380.861443
968.666251	346.852621
968.830198	486.888947
968.994125	358.855734
969.158034	394.865075
969.321923	352.854177
969.485793	392.864556
969.649644	558.907628
969.813475	342.851583
969.977288	496.891541
970.141081	402.867151
970.304854	546.904515
970.468609	410.869227
970.632344	422.872340
970.796060	546.904515
970.959757	428.873897
971.123434	424.872859
971.287093	400.866632
971.450732	458.881681
971.614351	288.837571
971.777952	472.885314
971.941533	314.844318
972.105095	430.874416
972.268638	432.874935
972.432161	418.871303
972.595665	254.828749
972.759150	388.863518
972.922616	242.825636
973.086062	522.898287
973.249489	384.862481
973.412897	474.885833
973.576285	332.848988
973.739654	496.891541
973.903004	392.864556
974.066335	390.864037
974.229646	336.850026
974.392938	412.869746
974.556211	522.898287
974.719464	426.873378
974.882698	318.845355
975.045913	474.885833
975.209109	444.878049
975.372285	356.855215
975.535442	380.861443
975.698579	370.858848
975.861698	436.875973
976.024797	428.873897
976.187876	300.840685
976.350937	416.870784
976.513978	436.875973
976.677000	336.850026
976.840002	456.881162
977.002985	412.869746
977.165949	370.858848
977.328894	324.846912
977.491819	454.880643
977.654725	398.866113
977.817611	428.873897
977.980478	400.866632
978.143326	384.862481
978.306155	566.909704
978.468964	294.839128
978.631754	412.869746
978.794524	314.844318
978.957275	414.870265
979.120007	418.871303
979.282720	442.877530
979.445413	516.896731
979.608086	420.871821
979.770741	490.889984
979.933376	288.837571
980.095992	556.907109
980.258588	440.877011
980.421165	404.867670
980.583723	236.824079
980.746261	334.849507
980.908780	448.879087
981.071280	310.843280
981.233760	432.874935
981.396221	404.867670
981.558662	386.862999
981.721084	386.862999
981.883487	366.857810
982.045871	410.869227
982.208235	448.879087
982.370579	312.843799
982.532905	476.886352
982.695210	274.833939
982.857497	380.861443
983.019764	454.880643
983.182012	450.879606
983.344240	428.873897
983.506449	328.847950
983.668639	484.888428
983.830809	414.870265
983.992960	376.860405
984.155091	380.861443
984.317203	562.908666
984.479296	432.874935
984.641369	406.868189
984.803423	418.871303
984.965457	400.866632
985.127472	352.854177
985.289468	422.872340
985.451444	374.859886
985.613401	452.880125
985.775338	350.853659
985.937256	394.865075
986.099155	514.896212
986.261034	518.897250
986.422893	456.881162
986.584734	318.845355
986.746555	348.853140
986.908356	444.878049
987.070138	514.896212
987.231901	474.885833
987.393644	326.847431
987.555367	332.848988
987.717072	548.905034
987.878757	464.883238
988.040422	460.882200
988.202068	318.845355
988.363695	356.855215
988.525302	452.880125
988.686889	546.904515
988.848458	368.858329
989.010006	266.831863
989.171536	392.864556
989.333046	468.884276
989.494536	312.843799
989.656007	330.848469
989.817458	372.859367
989.978891	334.849507
990.140303	384.862481
990.301696	422.872340
990.463070	496.891541
990.624424	384.862481
990.785759	458.881681
990.947074	374.859886
991.108370	418.871303
991.269646	498.892060
991.430903	602.919045
991.592141	580.913337
991.753359	366.857810
991.914557	368.858329
992.075736	492.890503
992.236896	264.831344
992.398036	512.895693
992.559156	434.875454
992.720257	438.876492
992.881339	480.887390
993.042401	406.868189
993.203443	350.853659
993.364466	340.851064
993.525470	378.860924
993.686454	430.874416
993.847419	302.841204
994.008364	466.883757
994.169289	444.878049
994.330196	472.885314
994.491082	410.869227
994.651949	366.857810
994.812797	308.842761
994.973625	336.850026
995.134433	394.865075
995.295223	416.870784
995.455992	398.866113
995.616742	316.844837
995.777473	402.867151
995.938184	484.888428
996.098875	458.881681
996.259547	394.865075
996.420199	300.840685
996.580832	440.877011
996.741446	388.863518
996.902039	256.829268
997.062614	528.899844
997.223168	428.873897
997.383704	630.926310
997.544219	396.865594
997.704716	310.843280
997.865192	466.883757
998.025649	412.869746
998.186087	294.839128
998.346505	408.868708
998.506903	390.864037
998.667282	472.885314
998.827641	432.874935
998.987981	378.860924
999.148301	410.869227
999.308602	430.874416
999.468883	494.891022
999.629145	330.848469
999.789387	396.865594
999.949609	436.875973
1000.109812	326.847431
1000.269995	402.867151
1000.430159	408.868708
1000.590303	340.851064
1000.750428	540.902958
1000.910533	450.879606
1001.070618	352.854177
1001.230684	574.911780
1001.390730	344.852102
1001.550757	492.890503
1001.710764	332.848988
1001.870752	382.861962
1002.030720	262.830825
1002.190668	298.840166
1002.350597	444.878049
1002.510506	432.874935
1002.670395	318.845355
1002.830265	418.871303
1002.990116	360.856253
1003.149947	372.859367
1003.309758	358.855734
1003.469550	326.847431
1003.629322	304.841723
1003.789074	458.881681
1003.948807	304.841723
1004.108520	334.849507
1004.268213	458.881681
1004.427887	374.859886
1004.587542	328.847950
1004.747177	310.843280
1004.906792	398.866113
1005.066387	600.918526
1005.225963	382.861962
1005.385519	322.846393
1005.545056	350.853659
1005.704573	330.848469
1005.864070	446.878568
1006.023548	522.898287
1006.183006	344.852102
1006.342445	442.877530
1006.501864	388.863518
1006.661263	590.915931
1006.820642	392.864556
1006.980002	330.848469
1007.139343	368.858329
1007.298663	360.856253
1007.457964	418.871303
1007.617246	338.850545
1007.776508	484.888428
1007.935750	490.889984
1008.094972	346.852621
1008.254175	376.860405
1008.413358	452.880125
1008.572522	380.861443
1008.731665	484.888428
1008.890790	296.839647
1009.049894	466.883757
1009.208979	392.864556
1009.368044	296.839647
1009.527090	472.885314
1009.686115	502.893098
1009.845122	384.862481
1010.004108	434.875454
1010.163075	442.877530
1010.322022	510.895174
1010.480950	418.871303
1010.639857	410.869227
1010.798745	436.875973
1010.957614	436.875973
1011.116463	382.861962
1011.275292	520.897769
1011.434101	460.882200
1011.592891	388.863518
1011.751661	360.856253
1011.910411	442.877530
1012.069142	394.865075
1012.227853	456.881162
1012.386544	432.874935
1012.545215	346.852621
1012.703867	536.901920
1012.862499	548.905034
1013.021112	542.903477
1013.179705	474.885833
1013.338278	316.844837
1013.496831	414.870265
1013.655364	384.862481
1013.813878	490.889984
1013.972372	452.880125
1014.130847	388.863518
1014.289302	462.882719
1014.447737	386.862999
1014.606152	320.845874
1014.764547	248.827193
1014.922923	388.863518
1015.081279	206.816295
1015.239616	372.859367
1015.397932	506.894136
1015.556229	610.921121
1015.714507	276.834458
1015.872764	558.907628
1016.031002	564.909185
1016.189220	420.871821
1016.347418	344.852102
1016.505597	344.852102
1016.663755	398.866113
1016.821894	564.909185
1016.980014	308.842761
1017.138113	454.880643
1017.296193	346.852621
1017.454253	358.855734
1017.612293	504.893617
1017.770314	296.839647
1017.928314	338.850545
1018.086295	488.889465
1018.244257	466.883757
1018.402198	386.862999
1018.560120	362.856772
1018.718022	520.897769
1018.875904	458.881681
1019.033766	304.841723
1019.191609	348.853140
1019.349432	656.933057
1019.507235	362.856772
1019.665018	412.869746
1019.822782	426.873378
1019.980525	584.914375
1020.138249	462.882719
1020.295954	280.835496
1020.453638	464.883238
1020.611303	396.865594
1020.768947	378.860924
1020.926573	390.864037
1021.084178	434.875454
1021.241763	326.847431
1021.399329	536.901920
1021.556875	436.875973
1021.714401	486.888947
1021.871907	324.846912
1022.029394	486.888947
1022.186860	454.880643
1022.344307	428.873897
1022.501734	430.874416
1022.659141	424.872859
1022.816529	462.882719
1022.973896	294.839128
1023.131244	340.851064
1023.288572	366.857810
1023.445880	246.826674
1023.603169	510.895174
1023.760437	526.899325
1023.917686	508.894655
1024.074915	438.876492
1024.232124	654.932538
1024.389313	402.867151
1024.546482	506.894136
1024.703632	472.885314
1024.860762	450.879606
1025.017872	378.860924
1025.174962	340.851064
1025.332032	496.891541
1025.489082	478.886871
1025.646113	612.921640
1025.803124	428.873897
1025.960114	404.867670
1026.117085	386.862999
1026.274037	294.839128
1026.430968	348.853140
1026.587879	360.856253
1026.744771	372.859367
1026.901643	372.859367
1027.058495	382.861962
1027.215327	500.892579
1027.372139	406.868189
1027.528931	332.848988
1027.685704	476.886352
1027.842456	362.856772
1027.999189	320.845874
1028.155902	378.860924
1028.312595	356.855215
1028.469268	388.863518
1028.625921	432.874935
1028.782554	374.859886
1028.939168	672.937208
1029.095761	404.867670
1029.252335	416.870784
1029.408889	254.828749
1029.565423	466.883757
1029.721937	422.872340
1029.878431	388.863518
1030.034905	358.855734
1030.191360	422.872340
1030.347794	428.873897
1030.504209	522.898287
1030.660604	404.867670
1030.816978	422.872340
1030.973333	494.891022
1031.129668	396.865594
1031.285984	568.910223
1031.442279	456.881162
1031.598554	330.848469
1031.754809	466.883757
1031.911045	376.860405
1032.067260	334.849507
1032.223456	542.903477
1032.379632	464.883238
1032.535788	432.874935
1032.691924	458.881681
1032.848040	458.881681
