344.945680	74.782045
345.162997	74.782045
345.380301	74.782045
345.597591	136.798132
345.814867	92.786715
346.032129	64.779450
346.249378	54.776855
346.466613	96.787753
346.683835	66.779969
346.901043	64.779450
347.118237	150.801764
347.335418	2.763363
347.552585	66.779969
347.769738	88.785677
347.986878	78.783083
348.204003	54.776855
348.421116	104.789829
348.638214	36.772185
348.855299	162.804878
349.072370	150.801764
349.289428	198.814219
349.506472	194.813181
349.723502	184.810586
349.940518	120.793980
350.157521	106.790348
350.374510	142.799689
350.591485	112.791905
350.808447	38.772704
351.025395	98.788272
351.242329	168.806435
351.459250	134.797613
351.676157	154.802802
351.893050	138.798651
352.109930	116.792942
352.326795	166.805916
352.543647	82.784120
352.760486	128.796056
352.977310	128.796056
353.194121	52.776336
353.410919	70.781007
353.627702	232.823041
353.844472	130.796575
354.061228	142.799689
354.277970	84.784639
354.494699	82.784120
354.711414	82.784120
354.928115	132.797094
355.144802	26.769590
355.361476	28.770109
355.578136	208.816814
355.794782	168.806435
356.011415	148.801245
356.228034	100.788791
356.444639	92.786715
356.661230	150.801764
356.877808	118.793461
357.094371	120.793980
357.310921	164.805397
357.527458	128.796056
357.743980	26.769590
357.960489	66.779969
358.176984	74.782045
358.393465	140.799170
358.609933	122.794499
358.826387	140.799170
359.042827	80.783601
359.259253	148.801245
359.475666	136.798132
359.692064	132.797094
359.908449	84.784639
360.124821	170.806954
360.341178	136.798132
360.557522	46.774779
360.773852	164.805397
360.990168	120.793980
361.206470	160.804359
361.422759	134.797613
361.639033	166.805916
361.855294	152.802283
362.071542	86.785158
362.287775	162.804878
362.503995	182.810067
362.720201	114.792423
362.936393	46.774779
363.152571	162.804878
363.368735	156.803321
363.584886	74.782045
363.801023	88.785677
364.017146	170.806954
364.233255	104.789829
364.449351	112.791905
364.665433	76.782564
364.881500	102.789310
365.097554	120.793980
365.313595	150.801764
365.529621	90.786196
365.745634	148.801245
365.961633	146.800727
366.177618	102.789310
366.393589	106.790348
366.609546	44.774261
366.825490	76.782564
367.041419	136.798132
367.257335	194.813181
367.473237	152.802283
367.689126	56.777374
367.905000	120.793980
368.120861	146.800727
368.336707	120.793980
368.552540	134.797613
368.768359	186.811105
368.984165	86.785158
369.199956	100.788791
369.415734	106.790348
369.631497	218.819408
369.847247	76.782564
370.062983	134.797613
370.278705	184.810586
370.494414	120.793980
370.710108	104.789829
370.925789	120.793980
371.141456	50.775817
371.357108	154.802802
371.572747	118.793461
371.788373	94.787234
372.003984	42.773742
372.219581	104.789829
372.435165	116.792942
372.650735	102.789310
372.866291	86.785158
373.081833	52.776336
373.297361	114.792423
373.512875	116.792942
373.728375	82.784120
373.943862	110.791386
374.159334	148.801245
374.374793	56.777374
374.590238	60.778412
374.805669	72.781526
375.021086	110.791386
375.236489	80.783601
375.451878	82.784120
375.667254	236.824079
375.882615	94.787234
376.097963	102.789310
376.313296	138.798651
376.528616	128.796056
376.743922	124.795018
376.959214	146.800727
377.174492	134.797613
377.389756	48.775298
377.605007	130.796575
377.820243	68.780488
378.035466	136.798132
378.250674	54.776855
378.465869	194.813181
378.681050	112.791905
378.896216	180.809549
379.111369	166.805916
379.326508	126.795537
379.541633	72.781526
379.756744	82.784120
379.971841	176.808511
380.186925	78.783083
380.401994	230.822522
380.617049	114.792423
380.832091	96.787753
381.047118	98.788272
381.262132	138.798651
381.477132	158.803840
381.692117	84.784639
381.907089	74.782045
382.122047	176.808511
382.336991	164.805397
382.551921	110.791386
382.766837	148.801245
382.981739	136.798132
383.196627	154.802802
383.411501	148.801245
383.626361	94.787234
383.841207	160.804359
384.056040	18.767514
384.270858	168.806435
384.485662	136.798132
384.700453	114.792423
384.915229	74.782045
385.129992	144.800208
385.344740	118.793461
385.559475	130.796575
385.774195	128.796056
385.988902	156.803321
386.203594	82.784120
386.418273	138.798651
386.632937	92.786715
386.847588	82.784120
387.062225	76.782564
387.276847	56.777374
387.491456	72.781526
387.706051	136.798132
387.920631	112.791905
388.135198	132.797094
388.349751	26.769590
388.564290	102.789310
388.778814	106.790348
388.993325	170.806954
389.207822	140.799170
389.422305	108.790867
389.636773	118.793461
389.851228	20.768033
390.065669	136.798132
390.280095	164.805397
390.494508	140.799170
390.708907	78.783083
390.923291	100.788791
391.137662	142.799689
391.352019	140.799170
391.566361	172.807473
391.780690	122.794499
391.995004	160.804359
392.209305	62.778931
392.423592	128.796056
392.637864	84.784639
392.852122	144.800208
393.066367	102.789310
393.280597	138.798651
393.494814	74.782045
393.709016	52.776336
393.923204	94.787234
394.137379	106.790348
394.351539	72.781526
394.565685	140.799170
394.779817	168.806435
394.993935	158.803840
395.208039	140.799170
395.422129	66.779969
395.636205	92.786715
395.850267	118.793461
396.064315	38.772704
396.278348	76.782564
396.492368	160.804359
396.706374	144.800208
396.920365	70.781007
397.134343	150.801764
397.348306	112.791905
397.562256	114.792423
397.776191	114.792423
397.990112	186.811105
398.204019	94.787234
398.417912	110.791386
398.631791	72.781526
398.845656	92.786715
399.059507	56.777374
399.273344	-1.237675
399.487167	118.793461
399.700975	50.775817
399.914770	100.788791
400.128550	102.789310
400.342317	94.787234
400.556069	70.781007
400.769807	80.783601
400.983531	116.792942
401.197241	74.782045
401.410937	138.798651
401.624619	86.785158
401.838286	178.809030
402.051940	76.782564
402.265579	88.785677
402.479205	56.777374
402.692816	158.803840
402.906413	152.802283
403.119996	72.781526
403.333565	118.793461
403.547120	230.822522
403.760660	122.794499
403.974187	162.804878
404.187699	70.781007
404.401198	102.789310
404.614682	38.772704
404.828152	140.799170
405.041608	80.783601
405.255050	158.803840
405.468477	58.777893
405.681891	126.795537
405.895290	64.779450
406.108676	158.803840
406.322047	126.795537
406.535404	172.807473
406.748747	26.769590
406.962075	114.792423
407.175390	22.768552
407.388690	62.778931
407.601976	84.784639
407.815249	28.770109
408.028507	84.784639
408.241750	138.798651
408.454980	110.791386
408.668196	120.793980
408.881397	92.786715
409.094584	40.773223
409.307757	112.791905
409.520916	102.789310
409.734061	66.779969
409.947191	156.803321
410.160307	122.794499
410.373410	74.782045
410.586498	114.792423
410.799572	144.800208
411.012631	12.765957
411.225677	104.789829
411.438708	80.783601
411.651725	144.800208
411.864728	54.776855
412.077717	192.812662
412.290691	106.790348
412.503652	126.795537
412.716598	94.787234
412.929530	162.804878
413.142448	70.781007
413.355351	152.802283
413.568241	26.769590
413.781116	82.784120
413.993977	36.772185
414.206824	126.795537
414.419656	62.778931
414.632475	80.783601
414.845279	88.785677
415.058069	156.803321
415.270845	90.786196
415.483606	134.797613
415.696354	106.790348
415.909087	102.789310
416.121806	132.797094
416.334511	112.791905
416.547201	66.779969
416.759877	52.776336
416.972539	110.791386
417.185187	172.807473
417.397821	58.777893
417.610440	76.782564
417.823045	52.776336
418.035636	74.782045
418.248213	76.782564
418.460775	128.796056
418.673323	96.787753
418.885857	112.791905
419.098377	112.791905
419.310883	64.779450
419.523374	66.779969
419.735851	54.776855
419.948313	86.785158
420.160762	170.806954
420.373196	58.777893
420.585616	72.781526
420.798022	110.791386
421.010413	110.791386
421.222791	120.793980
421.435153	-3.238194
421.647502	74.782045
421.859837	90.786196
422.072157	130.796575
422.284463	102.789310
422.496754	140.799170
422.709032	92.786715
422.921295	124.795018
423.133543	64.779450
423.345778	150.801764
423.557998	136.798132
423.770204	108.790867
423.982396	100.788791
424.194573	70.781007
424.406736	114.792423
424.618885	82.784120
424.831020	140.799170
425.043140	128.796056
425.255246	178.809030
425.467338	80.783601
425.679415	80.783601
425.891478	52.776336
426.103527	142.799689
426.315561	112.791905
426.527582	206.816295
426.739588	122.794499
426.951579	96.787753
427.163556	114.792423
427.375519	66.779969
427.587468	110.791386
427.799402	56.777374
428.011322	134.797613
428.223228	120.793980
428.435119	104.789829
428.646997	94.787234
428.858859	146.800727
429.070708	66.779969
429.282542	26.769590
429.494362	110.791386
429.706167	126.795537
429.917958	180.809549
430.129735	168.806435
430.341497	100.788791
430.553246	98.788272
430.764979	82.784120
430.976699	108.790867
431.188404	110.791386
431.400095	128.796056
431.611771	84.784639
431.823433	144.800208
432.035081	172.807473
432.246714	90.786196
432.458334	150.801764
432.669938	72.781526
432.881529	74.782045
433.093105	-11.240270
433.304666	92.786715
433.516213	78.783083
433.727746	118.793461
433.939265	112.791905
434.150769	168.806435
434.362259	128.796056
434.573734	90.786196
434.785196	154.802802
434.996642	110.791386
435.208075	114.792423
435.419493	182.810067
435.630896	180.809549
435.842285	216.818889
436.053660	110.791386
436.265021	116.792942
436.476367	74.782045
436.687699	160.804359
436.899016	58.777893
437.110319	82.784120
437.321607	160.804359
437.532881	156.803321
437.744141	94.787234
437.955387	112.791905
438.166618	56.777374
438.377834	142.799689
438.589036	72.781526
438.800224	130.796575
439.011397	98.788272
439.222556	118.793461
439.433701	70.781007
439.644831	122.794499
439.855947	92.786715
440.067048	136.798132
440.278135	86.785158
440.489208	102.789310
440.700266	108.790867
440.911309	76.782564
441.122339	118.793461
441.333353	114.792423
441.544354	146.800727
441.755340	180.809549
441.966311	108.790867
442.177268	82.784120
442.388211	112.791905
442.599139	92.786715
442.810053	72.781526
443.020953	116.792942
443.231837	124.795018
443.442708	182.810067
443.653564	104.789829
443.864406	90.786196
444.075233	112.791905
444.286046	172.807473
444.496844	46.774779
444.707628	66.779969
444.918397	40.773223
445.129152	150.801764
445.339893	56.777374
445.550619	86.785158
445.761330	68.780488
445.972027	162.804878
446.182710	106.790348
446.393378	78.783083
446.604032	138.798651
446.814671	100.788791
447.025296	112.791905
447.235906	100.788791
447.446502	198.814219
447.657083	136.798132
447.867650	68.780488
448.078203	162.804878
448.288741	160.804359
448.499264	106.790348
448.709773	66.779969
448.920268	48.775298
449.130748	48.775298
449.341213	78.783083
449.551664	72.781526
449.762101	124.795018
449.972523	62.778931
450.182930	10.765439
450.393323	30.770628
450.603702	150.801764
450.814066	64.779450
451.024415	62.778931
451.234751	148.801245
451.445071	130.796575
451.655377	130.796575
451.865669	130.796575
452.075946	134.797613
452.286208	108.790867
452.496456	148.801245
452.706690	64.779450
452.916909	116.792942
453.127113	122.794499
453.337303	100.788791
453.547479	132.797094
453.757639	54.776855
453.967786	136.798132
454.177918	44.774261
454.388035	136.798132
454.598138	140.799170
454.808226	110.791386
455.018300	86.785158
455.228359	100.788791
455.438404	78.783083
455.648434	84.784639
455.858449	102.789310
456.068450	126.795537
456.278437	144.800208
456.488409	186.811105
456.698366	40.773223
456.908309	98.788272
457.118237	98.788272
457.328151	66.779969
457.538050	52.776336
457.747935	114.792423
457.957805	104.789829
458.167660	84.784639
458.377501	80.783601
458.587328	152.802283
458.797140	52.776336
459.006937	130.796575
459.216719	48.775298
459.426488	86.785158
459.636241	122.794499
459.845980	156.803321
460.055704	188.811624
460.265414	94.787234
460.475110	190.812143
460.684790	148.801245
460.894456	104.789829
461.104108	80.783601
461.313745	178.809030
461.523367	78.783083
461.732975	100.788791
461.942568	110.791386
462.152147	122.794499
462.361710	68.780488
462.571260	118.793461
462.780795	124.795018
462.990315	158.803840
463.199820	124.795018
463.409311	52.776336
463.618788	142.799689
463.828249	84.784639
464.037697	54.776855
464.247129	52.776336
464.456547	144.800208
464.665950	110.791386
464.875339	152.802283
465.084713	206.816295
465.294073	188.811624
465.503418	106.790348
465.712748	98.788272
465.922063	66.779969
466.131364	114.792423
466.340651	96.787753
466.549922	48.775298
466.759180	80.783601
466.968422	116.792942
467.177650	84.784639
467.386863	106.790348
467.596062	94.787234
467.805246	46.774779
468.014415	132.797094
468.223569	100.788791
468.432709	84.784639
468.641835	134.797613
468.850945	-1.237675
469.060042	104.789829
469.269123	76.782564
469.478190	80.783601
469.687242	90.786196
469.896279	94.787234
470.105302	38.772704
470.314310	96.787753
470.523304	138.798651
470.732282	132.797094
470.941247	6.764401
471.150196	134.797613
471.359131	22.768552
471.568051	88.785677
471.776956	80.783601
471.985847	94.787234
472.194723	118.793461
472.403585	94.787234
472.612432	58.777893
472.821264	94.787234
473.030081	70.781007
473.238884	70.781007
473.447672	46.774779
473.656445	80.783601
473.865204	38.772704
474.073948	90.786196
474.282677	38.772704
474.491392	78.783083
474.700092	90.786196
474.908777	22.768552
475.117447	112.791905
475.326103	14.766476
475.534744	50.775817
475.743371	96.787753
475.951982	94.787234
476.160579	90.786196
476.369161	50.775817
476.577729	84.784639
476.786282	98.788272
476.994820	66.779969
477.203343	48.775298
477.411852	148.801245
477.620346	92.786715
477.828825	128.796056
478.037290	76.782564
478.245740	122.794499
478.454175	92.786715
478.662595	80.783601
478.871001	130.796575
479.079392	164.805397
479.287768	76.782564
479.496129	100.788791
479.704476	98.788272
479.912808	112.791905
480.121125	56.777374
480.329428	92.786715
480.537715	20.768033
480.745988	116.792942
480.954247	38.772704
481.162490	78.783083
481.370719	60.778412
481.578933	100.788791
481.787132	144.800208
481.995316	162.804878
482.203486	138.798651
482.411641	140.799170
482.619781	108.790867
482.827907	58.777893
483.036017	56.777374
483.244113	104.789829
483.452194	140.799170
483.660261	36.772185
483.868312	72.781526
484.076349	178.809030
484.284371	114.792423
484.492379	128.796056
484.700371	104.789829
484.908349	42.773742
485.116312	112.791905
485.324260	64.779450
485.532193	198.814219
485.740112	94.787234
485.948016	148.801245
486.155905	102.789310
486.363779	138.798651
486.571638	194.813181
486.779483	114.792423
486.987313	144.800208
487.195128	170.806954
487.402928	28.770109
487.610713	72.781526
487.818484	104.789829
488.026240	98.788272
488.233981	80.783601
488.441707	108.790867
488.649419	138.798651
488.857115	74.782045
489.064797	132.797094
489.272464	22.768552
489.480116	100.788791
489.687753	92.786715
489.895376	116.792942
490.102983	88.785677
490.310576	50.775817
490.518154	144.800208
490.725718	52.776336
490.933266	112.791905
491.140799	106.790348
491.348318	120.793980
491.555822	150.801764
491.763311	60.778412
491.970785	50.775817
492.178245	140.799170
492.385689	110.791386
492.593119	98.788272
492.800534	132.797094
493.007934	104.789829
493.215319	124.795018
493.422689	126.795537
493.630044	76.782564
493.837385	80.783601
494.044711	50.775817
494.252022	164.805397
494.459318	150.801764
494.666599	136.798132
494.873865	122.794499
495.081116	96.787753
495.288353	0.762844
495.495575	54.776855
495.702782	142.799689
495.909973	104.789829
496.117151	146.800727
496.324313	114.792423
496.531460	102.789310
496.738593	110.791386
496.945710	62.778931
497.152813	84.784639
497.359901	84.784639
497.566974	106.790348
497.774032	138.798651
497.981075	22.768552
498.188103	96.787753
498.395116	104.789829
498.602115	112.791905
498.809098	84.784639
499.016067	42.773742
499.223021	94.787234
499.429960	106.790348
499.636884	2.763363
499.843793	188.811624
500.050687	48.775298
500.257566	130.796575
500.464431	44.774261
500.671280	64.779450
500.878115	56.777374
501.084934	106.790348
501.291739	64.779450
501.498529	96.787753
501.705304	110.791386
501.912063	134.797613
502.118809	112.791905
502.325539	82.784120
502.532254	102.789310
502.738954	182.810067
502.945639	70.781007
503.152310	90.786196
503.358965	128.796056
503.565606	110.791386
503.772231	122.794499
503.978842	146.800727
504.185438	140.799170
504.392018	158.803840
504.598584	38.772704
504.805135	172.807473
505.011671	60.778412
505.218192	140.799170
505.424698	102.789310
505.631189	18.767514
505.837665	116.792942
506.044127	116.792942
506.250573	176.808511
506.457004	138.798651
506.663420	124.795018
506.869822	104.789829
507.076208	84.784639
507.282579	162.804878
507.488936	72.781526
507.695277	56.777374
507.901604	66.779969
508.107915	44.774261
508.314212	148.801245
508.520494	46.774779
508.726760	38.772704
508.933012	152.802283
509.139248	96.787753
509.345470	100.788791
509.551677	62.778931
509.757869	-9.239751
509.964045	70.781007
510.170207	98.788272
510.376354	60.778412
510.582485	102.789310
510.788602	86.785158
510.994704	138.798651
511.200791	44.774261
511.406862	188.811624
511.612919	146.800727
511.818961	106.790348
512.024988	68.780488
512.230999	168.806435
512.436996	76.782564
512.642978	120.793980
512.848945	104.789829
513.054896	152.802283
513.260833	86.785158
513.466755	96.787753
513.672661	90.786196
513.878553	110.791386
514.084429	98.788272
514.290291	114.792423
514.496138	62.778931
514.701969	104.789829
514.907786	46.774779
515.113587	100.788791
515.319373	112.791905
515.525145	66.779969
515.730901	38.772704
515.936642	110.791386
516.142369	4.763882
516.348080	138.798651
516.553776	100.788791
516.759457	78.783083
516.965123	106.790348
517.170775	72.781526
517.376411	28.770109
517.582032	128.796056
517.787637	2.763363
517.993228	60.778412
518.198804	110.791386
518.404365	124.795018
518.609910	182.810067
518.815441	116.792942
519.020957	92.786715
519.226457	102.789310
519.431943	88.785677
519.637413	94.787234
519.842868	92.786715
520.048308	104.789829
520.253734	70.781007
520.459144	90.786196
520.664539	90.786196
520.869919	128.796056
521.075283	62.778931
521.280633	118.793461
521.485968	44.774261
521.691287	80.783601
521.896592	78.783083
522.101881	142.799689
522.307155	110.791386
522.512415	148.801245
522.717659	74.782045
522.922888	50.775817
523.128102	62.778931
523.333301	118.793461
523.538484	60.778412
523.743653	44.774261
523.948806	120.793980
524.153945	54.776855
524.359068	102.789310
524.564176	84.784639
524.769269	68.780488
524.974347	10.765439
525.179410	70.781007
525.384458	162.804878
525.589491	40.773223
525.794508	104.789829
525.999511	8.764920
526.204498	122.794499
526.409470	124.795018
526.614427	118.793461
526.819369	98.788272
527.024296	110.791386
527.229207	136.798132
527.434104	64.779450
527.638985	86.785158
527.843851	96.787753
528.048702	114.792423
528.253538	-9.239751
528.458359	66.779969
528.663165	110.791386
528.867955	94.787234
529.072730	32.771147
529.277491	62.778931
529.482236	144.800208
529.686966	102.789310
529.891680	114.792423
530.096380	86.785158
530.301064	106.790348
530.505734	62.778931
530.710388	94.787234
530.915027	80.783601
531.119650	130.796575
531.324259	124.795018
531.528852	70.781007
531.733431	66.779969
531.937994	94.787234
532.142542	148.801245
532.347075	84.784639
532.551592	70.781007
532.756094	124.795018
532.960582	54.776855
533.165054	56.777374
533.369511	100.788791
533.573952	78.783083
533.778379	156.803321
533.982790	130.796575
534.187186	58.777893
534.391567	120.793980
534.595933	74.782045
534.800283	120.793980
535.004619	96.787753
535.208939	140.799170
535.413244	110.791386
535.617533	72.781526
535.821808	54.776855
536.026067	66.779969
536.230311	140.799170
536.434540	182.810067
536.638754	110.791386
536.842952	10.765439
537.047136	68.780488
537.251304	132.797094
537.455456	46.774779
537.659594	122.794499
537.863716	36.772185
538.067823	188.811624
538.271915	136.798132
538.475992	146.800727
538.680054	80.783601
538.884100	128.796056
539.088131	100.788791
539.292147	126.795537
539.496147	100.788791
539.700132	114.792423
539.904103	146.800727
540.108057	108.790867
540.311997	102.789310
540.515921	96.787753
540.719830	104.789829
540.923724	188.811624
541.127603	136.798132
541.331466	210.817333
541.535314	150.801764
541.739147	150.801764
541.942965	80.783601
542.146767	122.794499
542.350554	148.801245
542.554326	158.803840
542.758082	158.803840
542.961824	178.809030
543.165550	176.808511
543.369260	252.828230
543.572956	138.798651
543.776636	130.796575
543.980301	200.814738
544.183951	162.804878
544.387585	136.798132
544.591204	220.819927
544.794808	240.825117
544.998397	182.810067
545.201970	256.829268
545.405528	246.826674
545.609070	236.824079
545.812598	238.824598
546.016110	254.828749
546.219607	250.827711
546.423088	198.814219
546.626554	208.816814
546.830005	158.803840
547.033441	114.792423
547.236861	224.820965
547.440266	170.806954
547.643656	82.784120
547.847031	150.801764
548.050390	220.819927
548.253733	118.793461
548.457062	88.785677
548.660375	164.805397
548.863673	150.801764
549.066955	208.816814
549.270223	198.814219
549.473475	194.813181
549.676711	104.789829
549.879932	106.790348
550.083138	62.778931
550.286329	82.784120
550.489504	92.786715
550.692664	90.786196
550.895809	68.780488
551.098938	130.796575
551.302052	96.787753
551.505151	160.804359
551.708234	84.784639
551.911302	64.779450
552.114355	76.782564
552.317392	106.790348
552.520414	146.800727
552.723420	128.796056
552.926411	74.782045
553.129387	108.790867
553.332348	68.780488
553.535293	124.795018
553.738223	190.812143
553.941137	64.779450
554.144036	68.780488
554.346920	72.781526
554.549788	-23.243383
554.752641	62.778931
554.955479	114.792423
555.158301	120.793980
555.361108	106.790348
555.563900	90.786196
555.766676	22.768552
555.969437	56.777374
556.172182	114.792423
556.374912	116.792942
556.577627	40.773223
556.780326	58.777893
556.983010	110.791386
557.185678	128.796056
557.388331	92.786715
557.590969	82.784120
557.793591	80.783601
557.996198	154.802802
558.198790	22.768552
558.401366	80.783601
558.603927	60.778412
558.806472	50.775817
559.009002	76.782564
559.211517	134.797613
559.414016	126.795537
559.616499	44.774261
559.818968	88.785677
560.021421	68.780488
560.223858	138.798651
560.426280	30.770628
560.628687	76.782564
560.831078	54.776855
561.033454	124.795018
561.235815	124.795018
561.438160	-33.245978
561.640489	92.786715
561.842803	26.769590
562.045102	112.791905
562.247385	84.784639
562.449653	114.792423
562.651906	48.775298
562.854143	140.799170
563.056364	114.792423
563.258570	72.781526
563.460761	80.783601
563.662936	110.791386
563.865096	56.777374
564.067241	156.803321
564.269369	34.771666
564.471483	62.778931
564.673581	162.804878
564.875664	154.802802
565.077731	132.797094
565.279782	56.777374
565.481819	110.791386
565.683839	84.784639
565.885845	52.776336
566.087835	84.784639
566.289809	26.769590
566.491768	162.804878
566.693711	44.774261
566.895639	92.786715
567.097552	68.780488
567.299449	84.784639
567.501330	116.792942
567.703197	68.780488
567.905047	104.789829
568.106882	120.793980
568.308702	108.790867
568.510506	96.787753
568.712295	16.766995
568.914068	74.782045
569.115826	66.779969
569.317568	148.801245
569.519295	70.781007
569.721006	142.799689
569.922702	72.781526
570.124382	108.790867
570.326047	104.789829
570.527696	150.801764
570.729330	66.779969
570.930948	138.798651
571.132551	116.792942
571.334138	58.777893
571.535710	162.804878
571.737266	84.784639
571.938807	140.799170
572.140332	100.788791
572.341842	128.796056
572.543336	96.787753
572.744815	92.786715
572.946278	52.776336
573.147726	108.790867
573.349158	106.790348
573.550575	62.778931
573.751976	56.777374
573.953361	32.771147
574.154731	64.779450
574.356086	88.785677
574.557425	38.772704
574.758748	98.788272
574.960056	130.796575
575.161348	58.777893
575.362625	110.791386
575.563886	62.778931
575.765132	116.792942
575.966362	44.774261
576.167577	148.801245
576.368776	74.782045
576.569959	114.792423
576.771127	80.783601
576.972280	144.800208
577.173417	92.786715
577.374538	120.793980
577.575644	56.777374
577.776734	122.794499
577.977809	62.778931
578.178868	104.789829
578.379911	174.807992
578.580939	130.796575
578.781951	132.797094
578.982948	154.802802
579.183929	158.803840
579.384895	46.774779
579.585845	144.800208
579.786780	96.787753
579.987699	80.783601
580.188602	122.794499
580.389490	78.783083
580.590362	126.795537
580.791218	10.765439
580.992059	58.777893
581.192885	80.783601
581.393695	150.801764
581.594489	114.792423
581.795267	140.799170
581.996031	108.790867
582.196778	58.777893
582.397510	74.782045
582.598226	60.778412
582.798927	88.785677
582.999612	112.791905
583.200281	40.773223
583.400935	88.785677
583.601573	112.791905
583.802196	14.766476
584.002803	38.772704
584.203394	226.821484
584.403970	82.784120
584.604530	118.793461
584.805074	82.784120
585.005603	154.802802
585.206116	140.799170
585.406614	152.802283
585.607096	162.804878
585.807562	104.789829
586.008013	76.782564
586.208448	64.779450
586.408868	174.807992
586.609272	172.807473
586.809660	114.792423
587.010032	132.797094
587.210389	150.801764
587.410731	78.783083
587.611056	144.800208
587.811366	164.805397
588.011660	148.801245
588.211939	114.792423
588.412202	106.790348
588.612450	110.791386
588.812681	88.785677
589.012897	132.797094
589.213098	124.795018
589.413283	124.795018
589.613452	134.797613
589.813605	46.774779
590.013743	108.790867
590.213865	40.773223
590.413971	56.777374
590.614062	110.791386
590.814137	146.800727
591.014197	140.799170
591.214240	30.770628
591.414268	78.783083
591.614281	110.791386
591.814277	144.800208
592.014258	88.785677
592.214224	94.787234
592.414173	94.787234
592.614107	150.801764
592.814026	82.784120
593.013928	22.768552
593.213815	94.787234
593.413686	82.784120
593.613542	134.797613
593.813382	56.777374
594.013206	182.810067
594.213014	86.785158
594.412807	116.792942
594.612584	74.782045
594.812345	130.796575
595.012091	86.785158
595.211820	110.791386
595.411535	112.791905
595.611233	164.805397
595.810916	48.775298
596.010583	22.768552
596.210234	50.775817
596.409870	114.792423
596.609489	60.778412
596.809093	138.798651
597.008682	138.798651
597.208255	80.783601
597.407811	84.784639
597.607353	180.809549
597.806878	116.792942
598.006388	68.780488
598.205882	74.782045
598.405360	112.791905
598.604823	188.811624
598.804269	144.800208
599.003701	72.781526
599.203116	72.781526
599.402515	86.785158
599.601899	64.779450
599.801267	70.781007
600.000620	62.778931
600.199956	50.775817
600.399277	66.779969
600.598582	122.794499
600.797871	46.774779
600.997145	54.776855
601.196402	60.778412
601.395644	44.774261
601.594871	72.781526
601.794081	114.792423
601.993276	90.786196
602.192455	88.785677
602.391618	68.780488
602.590765	114.792423
602.789897	112.791905
602.989013	100.788791
603.188113	38.772704
603.387197	12.765957
603.586266	64.779450
603.785318	106.790348
603.984355	92.786715
604.183376	130.796575
604.382382	52.776336
604.581371	142.799689
604.780345	56.777374
604.979303	152.802283
605.178245	80.783601
605.377171	96.787753
605.576082	74.782045
605.774977	142.799689
605.973856	98.788272
606.172719	66.779969
606.371566	50.775817
606.570398	156.803321
606.769214	74.782045
606.968013	116.792942
607.166798	92.786715
607.365566	156.803321
607.564318	96.787753
607.763055	72.781526
607.961776	72.781526
608.160481	80.783601
608.359170	84.784639
608.557843	134.797613
608.756501	106.790348
608.955143	166.805916
609.153769	142.799689
609.352379	120.793980
609.550973	162.804878
609.749551	100.788791
609.948114	190.812143
610.146661	178.809030
610.345191	158.803840
610.543706	236.824079
610.742206	272.833420
610.940689	258.829787
611.139156	236.824079
611.337608	282.836015
611.536044	252.828230
611.734464	282.836015
611.932868	208.816814
612.131256	216.818889
612.329628	128.796056
612.527985	188.811624
612.726326	248.827193
612.924650	242.825636
613.122959	166.805916
613.321252	110.791386
613.519530	140.799170
613.717791	174.807992
613.916036	152.802283
614.114266	86.785158
614.312480	130.796575
614.510677	172.807473
614.708859	94.787234
614.907025	126.795537
615.105176	126.795537
615.303310	128.796056
615.501428	148.801245
615.699531	94.787234
615.897617	82.784120
616.095688	146.800727
616.293743	86.785158
616.491782	128.796056
616.689805	126.795537
616.887812	104.789829
617.085803	92.786715
617.283779	110.791386
617.481738	94.787234
617.679682	114.792423
617.877609	138.798651
618.075521	108.790867
618.273417	122.794499
618.471297	70.781007
618.669161	88.785677
618.867009	192.812662
619.064841	76.782564
619.262657	128.796056
619.460458	54.776855
619.658242	58.777893
619.856011	54.776855
620.053763	124.795018
620.251500	62.778931
620.449221	66.779969
620.646925	108.790867
620.844614	166.805916
621.042287	144.800208
621.239944	210.817333
621.437585	144.800208
621.635210	12.765957
621.832819	122.794499
622.030413	122.794499
622.227990	88.785677
622.425551	126.795537
622.623097	76.782564
622.820626	168.806435
623.018139	48.775298
623.215637	238.824598
623.413119	110.791386
623.610584	124.795018
623.808034	82.784120
624.005468	186.811105
624.202885	130.796575
624.400287	142.799689
624.597673	64.779450
624.795043	128.796056
624.992397	124.795018
625.189735	108.790867
625.387057	110.791386
625.584362	106.790348
625.781652	74.782045
625.978926	152.802283
626.176185	132.797094
626.373427	86.785158
626.570653	88.785677
626.767863	120.793980
626.965057	114.792423
627.162235	68.780488
627.359397	178.809030
627.556543	86.785158
627.753673	98.788272
627.950788	136.798132
628.147886	176.808511
628.344968	136.798132
628.542034	122.794499
628.739084	56.777374
628.936118	126.795537
629.133137	86.785158
629.330139	118.793461
629.527125	144.800208
629.724095	122.794499
629.921049	106.790348
630.117987	146.800727
630.314909	114.792423
630.511815	146.800727
630.708705	112.791905
630.905579	84.784639
631.102437	168.806435
631.299279	136.798132
631.496105	96.787753
631.692915	78.783083
631.889709	88.785677
632.086487	82.784120
632.283249	174.807992
632.479995	114.792423
632.676725	126.795537
632.873438	126.795537
633.070136	116.792942
633.266818	90.786196
633.463483	80.783601
633.660133	106.790348
633.856767	114.792423
634.053384	56.777374
634.249986	80.783601
634.446571	62.778931
634.643140	52.776336
634.839694	68.780488
635.036231	70.781007
635.232752	90.786196
635.429257	86.785158
635.625746	60.778412
635.822219	104.789829
636.018676	26.769590
636.215117	84.784639
636.411542	-9.239751
636.607950	44.774261
636.804343	70.781007
637.000720	80.783601
637.197080	44.774261
637.393425	146.800727
637.589753	32.771147
637.786065	114.792423
637.982361	34.771666
638.178642	68.780488
638.374906	52.776336
638.571154	110.791386
638.767385	104.789829
638.963601	72.781526
639.159801	136.798132
639.355984	132.797094
639.552152	74.782045
639.748303	-25.243902
639.944438	78.783083
640.140558	54.776855
640.336661	64.779450
640.532748	124.795018
640.728819	82.784120
640.924873	82.784120
641.120912	30.770628
641.316935	74.782045
641.512941	116.792942
641.708931	96.787753
641.904906	108.790867
642.100864	50.775817
642.296806	172.807473
642.492731	96.787753
642.688641	98.788272
642.884535	112.791905
643.080412	88.785677
643.276274	32.771147
643.472119	66.779969
643.667948	88.785677
643.863761	102.789310
644.059558	66.779969
644.255338	94.787234
644.451103	72.781526
644.646851	42.773742
644.842583	70.781007
645.038300	104.789829
645.234000	46.774779
645.429683	102.789310
645.625351	116.792942
645.821003	98.788272
646.016638	10.765439
646.212257	122.794499
646.407860	138.798651
646.603447	80.783601
646.799018	48.775298
646.994572	124.795018
647.190111	96.787753
647.385633	44.774261
647.581139	110.791386
647.776629	102.789310
647.972103	188.811624
648.167560	26.769590
648.363002	76.782564
648.558427	34.771666
648.753836	154.802802
648.949229	156.803321
649.144606	188.811624
649.339966	84.784639
649.535311	120.793980
649.730639	68.780488
649.925951	104.789829
650.121246	72.781526
650.316526	104.789829
650.511789	170.806954
650.707037	132.797094
650.902268	22.768552
651.097483	46.774779
651.292681	58.777893
651.487864	76.782564
651.683030	88.785677
651.878180	70.781007
652.073314	18.767514
652.268431	148.801245
652.463533	96.787753
652.658618	54.776855
652.853687	162.804878
653.048739	100.788791
653.243776	-3.238194
653.438796	-5.238713
653.633800	82.784120
653.828788	160.804359
654.023760	84.784639
654.218715	64.779450
654.413655	132.797094
654.608578	120.793980
654.803484	118.793461
654.998375	72.781526
655.193249	58.777893
655.388107	136.798132
655.582949	66.779969
655.777775	70.781007
655.972584	98.788272
656.167377	136.798132
656.362154	74.782045
656.556914	104.789829
656.751659	66.779969
656.946387	16.766995
657.141099	34.771666
657.335794	80.783601
657.530474	94.787234
657.725137	132.797094
657.919784	34.771666
658.114414	112.791905
658.309029	106.790348
658.503627	134.797613
658.698208	80.783601
658.892774	136.798132
659.087323	90.786196
659.281856	144.800208
659.476373	22.768552
659.670873	90.786196
659.865358	94.787234
660.059825	104.789829
660.254277	70.781007
660.448712	198.814219
660.643131	112.791905
660.837534	110.791386
661.031921	94.787234
661.226291	30.770628
661.420645	86.785158
661.614983	62.778931
661.809304	90.786196
662.003609	162.804878
662.197898	70.781007
662.392170	90.786196
662.586426	98.788272
662.780666	96.787753
662.974890	124.795018
663.169097	102.789310
663.363288	96.787753
663.557463	12.765957
663.751621	106.790348
663.945763	108.790867
664.139889	114.792423
664.333998	130.796575
664.528091	128.796056
664.722168	92.786715
664.916228	164.805397
665.110272	92.786715
665.304300	76.782564
665.498312	162.804878
665.692307	116.792942
665.886286	84.784639
666.080248	96.787753
666.274194	8.764920
666.468124	76.782564
666.662038	28.770109
666.855935	108.790867
667.049816	58.777893
667.243680	26.769590
667.437528	40.773223
667.631360	76.782564
667.825176	44.774261
668.018975	88.785677
668.212757	96.787753
668.406524	42.773742
668.600274	140.799170
668.794008	120.793980
668.987725	130.796575
669.181426	26.769590
669.375111	96.787753
669.568779	156.803321
669.762431	106.790348
669.956066	60.778412
670.149686	84.784639
670.343288	142.799689
670.536875	104.789829
670.730445	12.765957
670.923999	128.796056
671.117536	112.791905
671.311057	114.792423
671.504562	130.796575
671.698050	8.764920
671.891522	114.792423
672.084977	82.784120
672.278416	100.788791
672.471839	80.783601
672.665245	82.784120
672.858635	88.785677
673.052008	108.790867
673.245366	76.782564
673.438706	90.786196
673.632031	60.778412
673.825338	58.777893
674.018630	132.797094
674.211905	160.804359
674.405164	68.780488
674.598406	96.787753
674.791632	56.777374
674.984842	156.803321
675.178035	66.779969
675.371211	100.788791
675.564372	114.792423
675.757515	22.768552
675.950643	84.784639
676.143754	116.792942
676.336848	76.782564
676.529927	112.791905
676.722988	126.795537
676.916034	124.795018
677.109063	96.787753
677.302075	96.787753
677.495071	98.788272
677.688051	70.781007
677.881014	92.786715
678.073961	90.786196
678.266891	2.763363
678.459805	120.793980
678.652702	162.804878
678.845583	80.783601
679.038448	92.786715
679.231296	44.774261
679.424127	86.785158
679.616942	56.777374
679.809741	18.767514
680.002524	16.766995
680.195289	44.774261
680.388039	90.786196
680.580772	22.768552
680.773488	152.802283
680.966188	134.797613
681.158872	84.784639
681.351539	164.805397
681.544189	82.784120
681.736823	130.796575
681.929441	18.767514
682.122042	8.764920
682.314627	92.786715
682.507195	120.793980
682.699747	96.787753
682.892282	52.776336
683.084801	94.787234
683.277303	72.781526
683.469789	122.794499
683.662258	66.779969
683.854711	56.777374
684.047148	42.773742
684.239567	58.777893
684.431971	64.779450
684.624358	116.792942
684.816728	74.782045
685.009082	64.779450
685.201419	104.789829
685.393740	86.785158
685.586045	48.775298
685.778333	0.762844
685.970604	42.773742
686.162859	50.775817
686.355097	134.797613
686.547319	122.794499
686.739524	78.783083
686.931713	132.797094
687.123886	84.784639
687.316041	58.777893
687.508181	92.786715
687.700303	98.788272
687.892410	120.793980
688.084499	108.790867
688.276572	52.776336
688.468629	108.790867
688.660669	12.765957
688.852693	58.777893
689.044700	180.809549
689.236690	-3.238194
689.428664	144.800208
689.620622	104.789829
689.812563	124.795018
690.004487	68.780488
690.196395	64.779450
690.388286	78.783083
690.580161	122.794499
690.772019	20.768033
690.963861	40.773223
691.155686	54.776855
691.347494	82.784120
691.539286	80.783601
691.731061	100.788791
691.922820	42.773742
692.114562	142.799689
692.306288	100.788791
692.497997	162.804878
692.689690	80.783601
692.881366	84.784639
693.073025	50.775817
693.264668	44.774261
693.456295	164.805397
693.647904	110.791386
693.839497	-7.239232
694.031074	108.790867
694.222634	120.793980
694.414177	76.782564
694.605704	78.783083
694.797214	34.771666
694.988708	8.764920
695.180185	26.769590
695.371646	96.787753
695.563089	-5.238713
695.754517	68.780488
695.945927	78.783083
696.137321	76.782564
696.328699	82.784120
696.520060	100.788791
696.711404	52.776336
696.902732	58.777893
697.094043	108.790867
697.285337	76.782564
697.476615	64.779450
697.667876	92.786715
697.859121	112.791905
698.050349	64.779450
698.241560	52.776336
698.432755	-5.238713
698.623933	88.785677
698.815095	126.795537
699.006240	110.791386
699.197368	48.775298
699.388480	136.798132
699.579575	46.774779
699.770653	166.805916
699.961715	82.784120
700.152760	138.798651
700.343789	50.775817
700.534800	114.792423
700.725796	78.783083
700.916774	92.786715
701.107736	60.778412
701.298681	76.782564
701.489610	124.795018
701.680522	102.789310
701.871417	20.768033
702.062296	120.793980
702.253158	100.788791
702.444004	108.790867
702.634832	30.770628
702.825644	100.788791
703.016440	102.789310
703.207219	80.783601
703.397981	12.765957
703.588726	114.792423
703.779455	100.788791
703.970167	90.786196
704.160863	46.774779
704.351541	48.775298
704.542203	64.779450
704.732849	108.790867
704.923478	128.796056
705.114090	138.798651
705.304685	50.775817
705.495264	142.799689
705.685826	132.797094
705.876371	94.787234
706.066900	60.778412
706.257412	112.791905
706.447907	158.803840
706.638385	76.782564
706.828847	74.782045
707.019292	116.792942
707.209721	78.783083
707.400133	74.782045
707.590528	84.784639
707.780906	88.785677
707.971268	48.775298
708.161613	50.775817
708.351941	32.771147
708.542253	72.781526
708.732548	86.785158
708.922826	6.764401
709.113087	68.780488
709.303332	134.797613
709.493560	82.784120
709.683771	42.773742
709.873966	106.790348
710.064143	64.779450
710.254304	70.781007
710.444449	96.787753
710.634576	100.788791
710.824687	68.780488
711.014782	94.787234
711.204859	102.789310
711.394920	62.778931
711.584964	132.797094
711.774991	100.788791
711.965001	50.775817
712.154995	62.778931
712.344972	82.784120
712.534932	116.792942
712.724876	100.788791
712.914803	152.802283
713.104713	34.771666
713.294606	56.777374
713.484483	92.786715
713.674342	48.775298
713.864185	82.784120
714.054011	72.781526
714.243821	134.797613
714.433614	48.775298
714.623390	118.793461
714.813149	88.785677
715.002891	134.797613
715.192617	90.786196
715.382326	94.787234
715.572018	142.799689
715.761693	46.774779
715.951352	22.768552
716.140993	64.779450
716.330618	118.793461
716.520227	10.765439
716.709818	66.779969
716.899393	46.774779
717.088951	126.795537
717.278492	18.767514
717.468016	72.781526
717.657523	120.793980
717.847014	62.778931
718.036488	54.776855
718.225945	112.791905
718.415385	58.777893
718.604809	110.791386
718.794216	58.777893
718.983606	18.767514
719.172979	98.788272
719.362335	24.769071
719.551674	82.784120
719.740997	132.797094
719.930303	16.766995
720.119592	44.774261
720.308864	74.782045
720.498120	76.782564
720.687358	120.793980
720.876580	22.768552
721.065785	52.776336
721.254973	88.785677
721.444144	52.776336
721.633299	122.794499
721.822436	82.784120
722.011557	64.779450
722.200661	58.777893
722.389748	76.782564
722.578818	152.802283
722.767872	76.782564
722.956909	54.776855
723.145928	60.778412
723.334931	64.779450
723.523917	38.772704
723.712887	76.782564
723.901839	154.802802
724.090775	60.778412
724.279693	74.782045
724.468595	154.802802
724.657480	72.781526
724.846348	88.785677
725.035199	88.785677
725.224034	84.784639
725.412851	52.776336
725.601652	86.785158
725.790436	50.775817
725.979203	102.789310
726.167953	120.793980
726.356686	76.782564
726.545402	82.784120
726.734102	108.790867
726.922784	18.767514
727.111450	94.787234
727.300099	144.800208
727.488731	144.800208
727.677346	-19.242346
727.865944	116.792942
728.054525	70.781007
728.243090	174.807992
728.431637	66.779969
728.620168	4.763882
728.808682	56.777374
728.997178	86.785158
729.185658	70.781007
729.374121	104.789829
729.562567	88.785677
729.750997	122.794499
729.939409	2.763363
730.127804	78.783083
730.316183	50.775817
730.504545	50.775817
730.692889	152.802283
730.881217	112.791905
731.069528	66.779969
731.257822	64.779450
731.446099	104.789829
731.634359	70.781007
731.822602	38.772704
732.010828	72.781526
732.199038	106.790348
732.387230	110.791386
732.575406	114.792423
732.763564	70.781007
732.951706	82.784120
733.139831	96.787753
733.327938	46.774779
733.516029	148.801245
733.704103	98.788272
733.892160	112.791905
734.080200	118.793461
734.268223	98.788272
734.456229	108.790867
734.644218	164.805397
734.832191	162.804878
735.020146	70.781007
735.208084	52.776336
735.396006	132.797094
735.583910	108.790867
735.771797	24.769071
735.959668	82.784120
736.147522	100.788791
736.335358	112.791905
736.523178	36.772185
736.710980	78.783083
736.898766	96.787753
737.086535	64.779450
737.274286	78.783083
737.462021	84.784639
737.649739	66.779969
737.837440	38.772704
738.025124	66.779969
738.212791	78.783083
738.400440	36.772185
738.588073	32.771147
738.775689	30.770628
738.963288	52.776336
739.150870	70.781007
739.338435	124.795018
739.525983	34.771666
739.713514	38.772704
739.901028	104.789829
740.088525	74.782045
740.276005	108.790867
740.463468	124.795018
740.650914	58.777893
740.838343	6.764401
741.025755	68.780488
741.213150	152.802283
741.400528	132.797094
741.587889	128.796056
741.775233	118.793461
741.962559	4.763882
742.149869	130.796575
742.337162	24.769071
742.524438	94.787234
742.711697	78.783083
742.898939	100.788791
743.086164	52.776336
743.273371	98.788272
743.460562	46.774779
743.647736	122.794499
743.834892	92.786715
744.022032	144.800208
744.209155	44.774261
744.396260	158.803840
744.583349	104.789829
744.770420	92.786715
744.957475	126.795537
745.144512	28.770109
745.331533	38.772704
745.518536	78.783083
745.705522	80.783601
745.892491	90.786196
746.079444	28.770109
746.266379	118.793461
746.453297	114.792423
746.640198	78.783083
746.827082	64.779450
747.013949	120.793980
747.200798	134.797613
747.387631	88.785677
747.574447	54.776855
747.761246	138.798651
747.948027	-5.238713
748.134792	58.777893
748.321539	82.784120
748.508269	102.789310
748.694983	100.788791
748.881679	60.778412
749.068358	52.776336
749.255020	96.787753
749.441665	30.770628
749.628293	92.786715
749.814904	56.777374
750.001497	72.781526
750.188074	126.795537
750.374633	106.790348
750.561176	4.763882
750.747701	86.785158
750.934209	18.767514
751.120701	70.781007
751.307175	36.772185
751.493631	68.780488
751.680071	106.790348
751.866494	64.779450
752.052900	30.770628
752.239288	136.798132
752.425660	20.768033
752.612014	104.789829
752.798351	130.796575
752.984671	114.792423
753.170974	102.789310
753.357260	64.779450
753.543529	158.803840
753.729780	132.797094
753.916015	60.778412
754.102232	90.786196
754.288432	110.791386
754.474615	46.774779
754.660781	112.791905
754.846930	44.774261
755.033062	100.788791
755.219176	54.776855
755.405274	30.770628
755.591354	74.782045
755.777417	160.804359
755.963463	136.798132
756.149492	118.793461
756.335503	62.778931
756.521498	48.775298
756.707475	106.790348
756.893436	86.785158
757.079379	146.800727
757.265305	146.800727
757.451213	54.776855
757.637105	112.791905
757.822979	118.793461
758.008837	88.785677
758.194677	136.798132
758.380500	94.787234
758.566306	62.778931
758.752094	118.793461
758.937866	78.783083
759.123620	62.778931
759.309357	2.763363
759.495077	118.793461
759.680780	90.786196
759.866465	-29.244940
760.052134	178.809030
760.237785	56.777374
760.423419	66.779969
760.609036	132.797094
760.794636	112.791905
760.980218	28.770109
761.165783	126.795537
761.351331	100.788791
761.536862	20.768033
761.722376	54.776855
761.907873	32.771147
762.093352	58.777893
762.278814	68.780488
762.464259	92.786715
762.649687	50.775817
762.835097	58.777893
763.020490	116.792942
763.205866	92.786715
763.391225	72.781526
763.576567	76.782564
763.761891	16.766995
763.947199	60.778412
764.132489	176.808511
764.317761	78.783083
764.503017	44.774261
764.688255	42.773742
764.873476	108.790867
765.058680	74.782045
765.243867	126.795537
765.429036	136.798132
765.614188	92.786715
765.799323	68.780488
765.984441	136.798132
766.169542	50.775817
766.354625	62.778931
766.539691	80.783601
766.724740	124.795018
766.909771	50.775817
767.094785	92.786715
767.279782	18.767514
767.464762	70.781007
767.649725	108.790867
767.834670	152.802283
768.019598	48.775298
768.204509	136.798132
768.389402	82.784120
768.574278	68.780488
768.759137	118.793461
768.943979	110.791386
769.128804	58.777893
769.313611	56.777374
769.498401	128.796056
769.683173	42.773742
769.867929	38.772704
770.052667	116.792942
770.237388	106.790348
770.422091	38.772704
770.606777	132.797094
770.791446	58.777893
770.976098	128.796056
771.160733	144.800208
771.345350	50.775817
771.529950	96.787753
771.714532	76.782564
771.899097	94.787234
772.083645	26.769590
772.268176	112.791905
772.452689	94.787234
772.637185	80.783601
772.821664	50.775817
773.006126	168.806435
773.190570	18.767514
773.374997	34.771666
773.559406	66.779969
773.743799	108.790867
773.928174	74.782045
774.112531	160.804359
774.296872	156.803321
774.481195	60.778412
774.665500	28.770109
774.849789	108.790867
775.034060	106.790348
775.218313	56.777374
775.402550	20.768033
775.586769	132.797094
775.770971	136.798132
775.955155	88.785677
776.139322	102.789310
776.323472	56.777374
776.507605	108.790867
776.691720	86.785158
776.875817	-1.237675
777.059898	98.788272
777.243961	86.785158
777.428007	116.792942
777.612035	30.770628
777.796046	130.796575
777.980040	68.780488
778.164016	134.797613
778.347975	108.790867
778.531917	74.782045
778.715841	112.791905
778.899748	68.780488
779.083638	114.792423
779.267510	72.781526
779.451365	68.780488
779.635202	26.769590
779.819022	156.803321
780.002825	88.785677
780.186611	102.789310
780.370379	84.784639
780.554129	120.793980
780.737863	68.780488
780.921579	106.790348
781.105277	82.784120
781.288958	92.786715
781.472622	94.787234
781.656268	96.787753
781.839898	120.793980
782.023509	76.782564
782.207103	124.795018
782.390680	74.782045
782.574240	146.800727
782.757782	90.786196
782.941306	68.780488
783.124814	124.795018
783.308304	108.790867
783.491776	116.792942
783.675231	4.763882
783.858669	128.796056
784.042089	64.779450
784.225492	176.808511
784.408878	76.782564
784.592246	76.782564
784.775596	62.778931
784.958929	138.798651
785.142245	78.783083
785.325544	52.776336
785.508825	128.796056
785.692088	62.778931
785.875334	96.787753
786.058563	134.797613
786.241774	136.798132
786.424968	62.778931
786.608145	58.777893
786.791304	154.802802
786.974445	-5.238713
787.157569	146.800727
787.340676	66.779969
787.523765	76.782564
787.706837	52.776336
787.889892	96.787753
788.072929	24.769071
788.255948	72.781526
788.438950	104.789829
788.621935	40.773223
788.804902	66.779969
788.987852	106.790348
789.170784	126.795537
789.353699	46.774779
789.536596	86.785158
789.719476	76.782564
789.902338	112.791905
790.085183	-13.240789
790.268011	98.788272
790.450821	98.788272
790.633614	104.789829
790.816389	62.778931
790.999146	64.779450
791.181887	108.790867
791.364609	12.765957
791.547314	146.800727
791.730002	122.794499
791.912673	142.799689
792.095325	88.785677
792.277961	56.777374
792.460578	108.790867
792.643179	-27.244421
792.825762	86.785158
793.008327	38.772704
793.190875	74.782045
793.373405	24.769071
793.555918	152.802283
793.738414	118.793461
793.920891	42.773742
794.103352	120.793980
794.285795	74.782045
794.468220	86.785158
794.650628	46.774779
794.833018	72.781526
795.015391	102.789310
795.197747	48.775298
795.380085	14.766476
795.562405	86.785158
795.744708	66.779969
795.926993	6.764401
796.109261	126.795537
796.291511	78.783083
796.473744	118.793461
796.655959	88.785677
796.838157	66.779969
797.020337	126.795537
797.202500	18.767514
797.384645	34.771666
797.566772	106.790348
797.748883	64.779450
797.930975	110.791386
798.113050	60.778412
798.295108	136.798132
798.477147	104.789829
798.659170	10.765439
798.841175	30.770628
799.023162	76.782564
799.205132	114.792423
799.387084	122.794499
799.569018	156.803321
799.750936	22.768552
799.932835	100.788791
800.114717	108.790867
800.296582	24.769071
800.478428	108.790867
800.660258	66.779969
800.842069	24.769071
801.023864	36.772185
801.205640	54.776855
801.387399	212.817852
801.569141	128.796056
801.750865	94.787234
801.932571	88.785677
802.114260	2.763363
802.295931	20.768033
802.477584	66.779969
802.659220	42.773742
802.840839	106.790348
803.022440	112.791905
803.204023	108.790867
803.385589	88.785677
803.567137	60.778412
803.748667	144.800208
803.930180	98.788272
804.111676	28.770109
804.293153	74.782045
804.474613	84.784639
804.656056	66.779969
804.837481	140.799170
805.018888	36.772185
805.200278	72.781526
805.381650	16.766995
805.563005	120.793980
805.744341	4.763882
805.925661	48.775298
806.106962	86.785158
806.288246	94.787234
806.469513	38.772704
806.650762	60.778412
806.831993	50.775817
807.013207	174.807992
807.194403	26.769590
807.375581	94.787234
807.556742	64.779450
807.737885	112.791905
807.919010	134.797613
808.100118	20.768033
808.281208	30.770628
808.462281	66.779969
808.643336	138.798651
808.824373	58.777893
809.005393	68.780488
809.186395	94.787234
809.367379	96.787753
809.548346	-15.241308
809.729295	8.764920
809.910226	76.782564
810.091140	58.777893
810.272036	110.791386
810.452915	106.790348
810.633775	70.781007
810.814619	64.779450
810.995444	148.801245
811.176252	66.779969
811.357042	56.777374
811.537815	106.790348
811.718569	54.776855
811.899307	60.778412
812.080026	128.796056
812.260728	66.779969
812.441412	32.771147
812.622079	114.792423
812.802727	40.773223
812.983359	50.775817
813.163972	104.789829
813.344568	46.774779
813.525146	48.775298
813.705706	90.786196
813.886249	-7.239232
814.066774	86.785158
814.247281	66.779969
814.427771	10.765439
814.608243	88.785677
814.788697	50.775817
814.969134	34.771666
815.149553	88.785677
815.329954	156.803321
815.510337	146.800727
815.690703	72.781526
815.871051	88.785677
816.051382	54.776855
816.231694	80.783601
816.411989	64.779450
816.592266	166.805916
816.772526	86.785158
816.952768	94.787234
817.132992	30.770628
817.313198	66.779969
817.493387	70.781007
817.673558	38.772704
817.853711	90.786196
818.033846	130.796575
818.213964	124.795018
818.394064	-9.239751
818.574146	90.786196
818.754211	76.782564
818.934258	84.784639
819.114287	28.770109
819.294298	66.779969
819.474292	28.770109
819.654267	76.782564
819.834226	88.785677
820.014166	16.766995
820.194089	60.778412
820.373993	84.784639
820.553881	100.788791
820.733750	66.779969
820.913602	138.798651
821.093435	108.790867
821.273252	104.789829
821.453050	84.784639
821.632830	124.795018
821.812593	-11.240270
821.992338	104.789829
822.172066	54.776855
822.351775	56.777374
822.531467	76.782564
822.711141	180.809549
822.890797	78.783083
823.070436	90.786196
823.250056	66.779969
823.429659	52.776336
823.609244	116.792942
823.788812	94.787234
823.968361	88.785677
824.147893	132.797094
824.327407	80.783601
824.506903	24.769071
824.686381	18.767514
824.865842	90.786196
825.045285	76.782564
825.224710	110.791386
825.404117	138.798651
825.583507	92.786715
825.762878	96.787753
825.942232	32.771147
826.121568	86.785158
826.300886	88.785677
826.480187	112.791905
826.659469	126.795537
826.838734	162.804878
827.017981	146.800727
827.197210	58.777893
827.376422	134.797613
827.555615	114.792423
827.734791	96.787753
827.913949	104.789829
828.093089	124.795018
828.272211	106.790348
828.451315	76.782564
828.630402	130.796575
828.809471	102.789310
828.988522	80.783601
829.167555	104.789829
829.346570	116.792942
829.525568	52.776336
829.704547	82.784120
829.883509	102.789310
830.062453	62.778931
830.241379	132.797094
830.420287	68.780488
830.599177	44.774261
830.778050	86.785158
830.956905	158.803840
831.135742	120.793980
831.314561	56.777374
831.493362	28.770109
831.672145	94.787234
831.850910	186.811105
832.029658	58.777893
832.208388	14.766476
832.387099	56.777374
832.565793	114.792423
832.744469	64.779450
832.923128	104.789829
833.101768	118.793461
833.280391	102.789310
833.458995	8.764920
833.637582	118.793461
833.816151	110.791386
833.994702	166.805916
834.173235	90.786196
834.351750	86.785158
834.530247	-1.237675
834.708727	62.778931
834.887188	110.791386
835.065632	128.796056
835.244058	50.775817
835.422466	110.791386
835.600856	90.786196
835.779228	94.787234
835.957582	106.790348
836.135918	84.784639
836.314237	86.785158
836.492537	108.790867
836.670820	114.792423
836.849084	68.780488
837.027331	144.800208
837.205560	90.786196
837.383771	68.780488
837.561964	60.778412
837.740139	28.770109
837.918296	34.771666
838.096436	56.777374
838.274557	108.790867
838.452660	92.786715
838.630746	176.808511
838.808814	76.782564
838.986863	106.790348
839.164895	88.785677
839.342909	52.776336
839.520905	118.793461
839.698883	96.787753
839.876843	72.781526
840.054785	50.775817
840.232709	68.780488
840.410615	154.802802
840.588503	82.784120
840.766374	126.795537
840.944226	24.769071
841.122060	108.790867
841.299877	28.770109
841.477675	16.766995
841.655456	10.765439
841.833218	66.779969
842.010963	128.796056
842.188690	68.780488
842.366399	122.794499
842.544089	108.790867
842.721762	84.784639
842.899417	122.794499
843.077054	20.768033
843.254673	28.770109
843.432274	88.785677
843.609857	36.772185
843.787422	104.789829
843.964969	64.779450
844.142498	160.804359
844.320009	142.799689
844.497502	84.784639
844.674977	126.795537
844.852434	110.791386
845.029873	26.769590
845.207294	6.764401
845.384697	36.772185
845.562083	74.782045
845.739450	90.786196
845.916799	52.776336
846.094130	58.777893
846.271443	132.797094
846.448738	104.789829
846.626016	20.768033
846.803275	44.774261
846.980516	44.774261
847.157739	116.792942
847.334944	78.783083
847.512131	60.778412
847.689301	24.769071
847.866452	76.782564
848.043585	40.773223
848.220700	66.779969
848.397797	8.764920
848.574876	122.794499
848.751937	68.780488
848.928980	74.782045
849.106005	92.786715
849.283012	86.785158
849.460001	116.792942
849.636972	16.766995
849.813925	28.770109
849.990859	180.809549
850.167776	58.777893
850.344675	80.783601
850.521556	74.782045
850.698418	36.772185
850.875263	64.779450
851.052090	68.780488
851.228898	70.781007
851.405689	124.795018
851.582461	104.789829
851.759216	70.781007
851.935952	136.798132
852.112670	86.785158
852.289370	64.779450
852.466053	102.789310
852.642717	98.788272
852.819363	70.781007
852.995991	34.771666
853.172601	62.778931
853.349193	98.788272
853.525766	96.787753
853.702322	86.785158
853.878860	28.770109
854.055379	14.766476
854.231881	56.777374
854.408364	74.782045
854.584830	74.782045
854.761277	44.774261
854.937706	82.784120
855.114117	14.766476
855.290510	112.791905
855.466885	48.775298
855.643242	92.786715
855.819581	48.775298
855.995901	50.775817
856.172204	66.779969
856.348488	66.779969
856.524755	56.777374
856.701003	130.796575
856.877233	120.793980
857.053445	112.791905
857.229639	48.775298
857.405815	110.791386
857.581973	84.784639
857.758113	90.786196
857.934234	98.788272
858.110338	82.784120
858.286423	114.792423
858.462490	80.783601
858.638539	48.775298
858.814570	116.792942
858.990583	56.777374
859.166578	144.800208
859.342554	22.768552
859.518513	86.785158
859.694453	44.774261
859.870375	70.781007
860.046279	74.782045
860.222165	78.783083
860.398033	110.791386
860.573883	116.792942
860.749714	14.766476
860.925528	76.782564
861.101323	62.778931
861.277100	90.786196
861.452859	120.793980
861.628600	102.789310
861.804322	136.798132
861.980027	66.779969
862.155713	108.790867
862.331381	70.781007
862.507031	126.795537
862.682663	66.779969
862.858277	92.786715
863.033873	60.778412
863.209450	166.805916
863.385009	122.794499
863.560550	88.785677
863.736073	100.788791
863.911578	56.777374
864.087065	30.770628
864.262533	76.782564
864.437983	82.784120
864.613415	92.786715
864.788829	134.797613
864.964225	94.787234
865.139602	80.783601
865.314962	136.798132
865.490303	132.797094
865.665626	110.791386
865.840930	62.778931
866.016217	62.778931
866.191485	74.782045
866.366735	24.769071
866.541967	66.779969
866.717181	134.797613
866.892377	118.793461
867.067554	112.791905
867.242713	74.782045
867.417854	72.781526
867.592977	54.776855
867.768082	70.781007
867.943168	74.782045
868.118236	108.790867
868.293286	86.785158
868.468318	142.799689
868.643331	94.787234
868.818327	128.796056
868.993304	152.802283
869.168263	130.796575
869.343203	182.810067
869.518126	66.779969
869.693030	66.779969
869.867916	222.820446
870.042783	56.777374
870.217633	106.790348
870.392464	104.789829
870.567277	104.789829
870.742072	138.798651
870.916848	110.791386
871.091607	80.783601
871.266347	90.786196
871.441069	98.788272
871.615772	128.796056
871.790458	134.797613
871.965125	22.768552
872.139773	132.797094
872.314404	88.785677
872.489016	134.797613
872.663610	90.786196
872.838186	106.790348
873.012744	152.802283
873.187283	66.779969
873.361804	118.793461
873.536307	84.784639
873.710791	52.776336
873.885258	110.791386
874.059705	28.770109
874.234135	130.796575
874.408547	132.797094
874.582940	76.782564
874.757315	90.786196
874.931671	52.776336
875.106009	116.792942
875.280329	136.798132
875.454631	164.805397
875.628915	152.802283
875.803180	120.793980
875.977427	184.810586
876.151655	130.796575
876.325866	108.790867
876.500058	210.817333
876.674231	166.805916
876.848387	154.802802
877.022524	220.819927
877.196643	120.793980
877.370743	136.798132
877.544825	138.798651
877.718889	156.803321
877.892935	132.797094
878.066962	178.809030
878.240971	230.822522
878.414962	236.824079
878.588934	156.803321
878.762888	172.807473
878.936824	260.830306
879.110741	230.822522
879.284640	236.824079
879.458521	248.827193
879.632384	228.822003
879.806228	248.827193
879.980053	238.824598
880.153861	288.837571
880.327650	230.822522
880.501421	264.831344
880.675173	290.838090
880.848907	282.836015
881.022623	322.846393
881.196320	350.853659
881.370000	274.833939
881.543660	256.829268
881.717303	328.847950
881.890927	372.859367
882.064532	366.857810
882.238120	380.861443
882.411689	346.852621
882.585239	494.891022
882.758772	396.865594
882.932286	454.880643
883.105781	404.867670
883.279259	456.881162
883.452717	502.893098
883.626158	432.874935
883.799580	538.902439
883.972984	672.937208
884.146369	586.914894
884.319736	602.919045
884.493085	542.903477
884.666415	648.930981
884.839727	718.949144
885.013020	856.984951
885.186296	772.963155
885.359552	734.953295
885.532791	762.960560
885.706011	890.993773
885.879212	786.966788
886.052396	896.995330
886.225560	955.010379
886.398707	989.019201
886.571835	965.012974
886.744945	1017.026466
886.918036	1231.081993
887.091109	1025.028542
887.264163	1077.042034
887.437199	1177.067981
887.610217	1287.096523
887.783216	1259.089258
887.956197	1383.121432
888.129159	1405.127141
888.302103	1347.112091
888.475029	1503.152569
888.647936	1497.151012
888.820825	1499.151531
888.993695	1745.215361
889.166547	1637.187338
889.339381	1719.208614
889.512196	1843.240789
889.684992	1809.231967
889.857771	1895.254281
890.030530	2005.282823
890.203272	2139.317592
890.375995	2201.333679
890.548699	2127.314478
890.721385	2287.355994
890.894053	2409.387649
891.066702	2321.364816
891.239333	2539.421380
891.411945	2507.413077
891.584539	2555.425532
891.757115	2531.419305
891.929672	2535.420343
892.102210	2749.475869
892.274730	2741.473793
892.447232	2873.508044
892.619715	2901.515309
892.792180	3083.562532
892.964626	3177.586923
893.137054	3249.605605
893.309463	3351.632071
893.481854	3593.694862
893.654227	3613.700052
893.826581	3539.680851
893.998916	3575.690192
894.171233	3835.757654
894.343532	3807.750389
894.515812	3937.784120
894.688074	4141.837052
894.860317	4155.840685
895.032541	4433.912818
895.204748	4287.874935
895.376935	4575.949663
895.549105	4461.920083
895.721255	4753.995848
895.893388	4820.012974
896.065501	4892.031655
896.237597	5108.087701
896.409673	5310.140114
896.581732	5460.179035
896.753771	5454.177478
896.925793	5410.166061
897.097796	5370.155682
897.269780	5702.241827
897.441746	5770.259471
897.613693	5938.303062
897.785622	5988.316035
897.957532	6204.372081
898.129424	6554.462896
898.301297	6596.473793
898.473152	6812.529839
898.644988	6842.537623
898.816806	6870.544888
898.988605	6976.572392
899.160386	7186.626881
899.332148	7090.601972
899.503892	7356.670991
899.675617	7962.828230
899.847323	7988.834977
900.019011	8248.902439
900.190681	8452.955371
900.362332	9015.101194
900.533964	8821.050856
900.705578	9403.201868
900.877174	9513.230410
901.048751	9631.261028
901.220309	9527.234043
901.391849	9495.225739
901.563370	9757.293721
901.734873	9945.342501
901.906357	10151.395952
902.077823	10583.508044
902.249270	10631.520498
902.420698	10855.578620
902.592108	11149.654904
902.763499	11203.668915
902.934872	11479.740529
903.106227	11883.845355
903.277562	12171.920083
903.448879	12544.016606
903.620178	12449.992216
903.791458	12916.113129
903.962720	13170.179035
904.133962	13262.202906
904.305187	13076.154645
904.476393	13410.241308
904.647580	13554.278672
904.818748	13670.308770
904.989898	14092.418267
905.161030	14218.450960
905.332143	14758.591074
905.503237	14954.641930
905.674313	15440.768033
905.845370	15574.802802
906.016408	15466.774779
906.187428	16232.973534
906.358430	17103.199273
906.529412	17669.346134
906.700377	17513.305656
906.871322	17211.227296
907.042249	17201.224702
907.213158	18121.463415
907.384047	18383.531396
907.554918	18729.621173
907.725771	18787.636222
907.896605	18989.688635
908.067420	19281.764401
908.238217	19769.891022
908.408995	19709.875454
908.579755	19195.742086
908.750496	19311.772185
908.921218	20290.025947
909.091922	20049.963674
909.262607	19783.894655
909.433273	20204.003633
909.603921	20009.953295
909.774550	20105.978204
909.945161	20113.980280
910.115752	20290.025947
910.286326	20680.127141
910.456880	21026.216917
910.627416	21246.274001
910.797934	21142.247016
910.968433	21170.254281
911.138913	21166.253243
911.309374	21626.372600
911.479817	22460.588998
911.650241	22828.684484
911.820647	23058.744162
911.991033	23020.734302
912.161402	23394.831344
912.331751	23188.777893
912.502082	23176.774779
912.672395	23166.772185
912.842688	23756.925272
913.012963	24099.014011
913.183219	24101.014530
913.353457	23746.922678
913.523676	23656.899325
913.693876	23684.906591
913.864058	23498.858329
914.034221	24233.048780
914.204365	23682.906072
914.374491	23454.846912
914.544598	23748.923197
914.714686	23602.885314
914.884756	23258.796056
915.054807	23286.803321
915.224839	23076.748832
915.394853	23008.731188
915.564847	22482.594707
915.734824	22050.482615
915.904781	22308.549559
916.074720	22508.601453
916.244640	22502.599896
916.414542	22054.483653
916.584424	22330.555267
916.754288	22488.596264
916.924134	22416.577582
917.093960	22572.618059
917.263768	22152.509081
917.433558	22330.555267
917.603328	21834.426570
917.773080	21898.443176
917.942813	21388.310846
918.112527	21494.338350
918.282223	21614.369486
918.451900	21154.250130
918.621558	21134.244940
918.791198	20992.208095
918.960819	21492.337831
919.130421	21384.309808
919.300004	20902.184743
919.469569	19715.877011
919.639115	20181.997924
919.808642	19859.914375
919.978151	19637.856772
920.147641	19567.838609
920.317112	19323.775298
920.486564	19107.719253
920.655997	18699.613389
920.825412	18691.611313
920.994808	18481.556824
921.164186	18335.518941
921.333544	18123.463934
921.502884	17743.365335
921.672205	17579.322782
921.841508	17013.175921
922.010791	16613.072133
922.180056	16587.065387
922.349302	16945.158277
922.518530	16755.108978
922.687738	16691.092372
922.856928	16274.984432
923.026099	15450.770628
923.195252	15304.732745
923.364385	14834.610794
923.533500	15190.703166
923.702596	14830.609756
923.871673	14642.560976
924.040732	14328.479502
924.209771	14206.447846
924.378792	14284.468085
924.547795	13504.265698
924.716778	13234.195641
924.885743	12940.119357
925.054688	12600.031136
925.223615	12437.989102
925.392524	12443.990659
925.561413	11869.841723
925.730284	11769.815776
925.899136	11591.769590
926.067969	11371.712506
926.236783	11325.700571
926.405579	11023.622211
926.574356	10969.608199
926.743114	10719.543332
926.911853	10393.458744
927.080573	10047.368967
927.249275	10075.376232
927.417957	9893.329009
927.586621	9391.198755
927.755266	9285.171251
927.923893	8871.063830
928.092500	8773.038402
928.261089	8502.968345
928.429659	8346.927867
928.598210	8318.920602
928.766742	7998.837571
928.935256	7946.824079
929.103750	7598.733783
929.272226	7460.697976
929.440683	7330.664245
929.609121	7290.653866
929.777540	7096.603529
929.945941	7066.595745
930.114322	6966.569798
930.282685	6756.515309
930.451029	6540.459263
930.619354	6536.458225
930.787661	6448.435392
930.955948	6218.375714
931.124217	5970.311365
931.292466	5814.270887
931.460697	5360.153088
931.628909	5476.183186
931.797103	5308.139595
931.965277	5348.149974
932.133433	5146.097561
932.301569	4916.037883
932.469687	4798.007265
932.637786	4757.996886
932.805866	4717.986508
932.973927	4579.950701
933.141970	4565.947068
933.309993	4329.885833
933.477998	4281.873378
933.645984	4205.853659
933.813951	4153.840166
933.981899	3817.752984
934.149828	3815.752465
934.317738	3599.696419
934.485629	3545.682408
934.653502	3495.669434
934.821356	3419.649715
934.989190	3239.603010
935.157006	3443.655942
935.324803	3263.609237
935.492581	3211.595745
935.660341	3041.551635
935.828081	3183.588480
935.995802	2893.513233
936.163505	2859.504411
936.331189	2785.485210
936.498853	2747.475350
936.666499	2643.448365
936.834126	2477.405293
937.001734	2369.377270
937.169323	2327.366373
937.336894	2325.365854
937.504445	2245.345096
937.671977	2221.338869
937.839491	2191.331085
938.006985	2059.296834
938.174461	2037.291126
938.341918	2069.299429
938.509356	1985.277634
938.676775	1947.267774
938.844175	2033.290088
939.011556	1817.234043
939.178918	1769.221588
939.346261	1735.212766
939.513586	1685.199792
939.680891	1651.190970
939.848177	1671.196160
940.015445	1619.182667
940.182693	1555.166061
940.349923	1477.145823
940.517134	1505.153088
940.684326	1415.129735
940.851498	1345.111572
941.018652	1349.112610
941.185787	1441.136482
941.352903	1247.086144
941.520000	1207.075765
941.687078	1147.060197
941.854137	1221.079398
942.021178	1135.057084
942.188199	1103.048780
942.355201	1011.024909
942.522184	1057.036845
942.689149	1005.023352
942.856094	999.021796
943.023021	979.016606
943.189928	896.995330
943.356817	870.988583
943.523686	852.983913
943.690537	834.979242
943.857368	844.981837
944.024181	846.982356
944.190974	910.998962
944.357749	728.951738
944.524505	736.953814
944.691241	744.955890
944.857959	634.927348
945.024658	674.937727
945.191338	606.920083
945.357998	638.928386
945.524640	622.924235
945.691263	612.921640
945.857867	568.910223
946.024451	506.894136
946.191017	554.906591
946.357564	454.880643
946.524092	480.887390
946.690601	478.886871
946.857090	464.883238
947.023561	508.894655
947.190013	490.889984
947.356446	462.882719
947.522859	486.888947
947.689254	422.872340
947.855630	416.870784
948.021986	488.889465
948.188324	386.862999
948.354643	338.850545
948.520942	382.861962
948.687223	302.841204
948.853485	378.860924
949.019727	312.843799
949.185951	336.850026
949.352155	270.832901
949.518341	338.850545
949.684507	312.843799
949.850655	322.846393
950.016783	402.867151
950.182892	230.822522
950.348983	280.835496
950.515054	274.833939
950.681106	272.833420
950.847139	248.827193
951.013153	154.802802
951.179148	246.826674
951.345124	192.812662
951.511081	218.819408
951.677019	274.833939
951.842938	152.802283
952.008838	174.807992
952.174719	162.804878
952.340580	176.808511
952.506423	140.799170
952.672247	202.815257
952.838051	186.811105
953.003837	192.812662
953.169603	198.814219
953.335350	236.824079
953.501078	184.810586
953.666788	204.815776
953.832478	170.806954
953.998149	118.793461
954.163800	164.805397
954.329433	162.804878
954.495047	148.801245
954.660642	140.799170
954.826217	154.802802
954.991774	60.778412
955.157311	140.799170
955.322829	176.808511
955.488329	76.782564
955.653809	96.787753
955.819270	60.778412
955.984712	108.790867
956.150134	94.787234
956.315538	188.811624
956.480923	94.787234
956.646288	168.806435
956.811635	160.804359
956.976962	170.806954
957.142270	164.805397
957.307559	118.793461
957.472829	74.782045
957.638080	162.804878
957.803312	92.786715
957.968524	156.803321
958.133718	78.783083
958.298892	84.784639
958.464047	132.797094
958.629184	140.799170
958.794301	140.799170
958.959398	118.793461
959.124477	124.795018
959.289537	200.814738
959.454577	48.775298
959.619598	188.811624
959.784601	82.784120
959.949584	140.799170
960.114548	150.801764
960.279492	50.775817
960.444418	104.789829
960.609324	56.777374
960.774212	128.796056
960.939080	170.806954
961.103929	44.774261
961.268759	98.788272
961.433569	94.787234
961.598361	90.786196
961.763133	88.785677
961.927887	92.786715
962.092621	172.807473
962.257336	118.793461
962.422031	124.795018
962.586708	38.772704
962.751365	68.780488
962.916004	80.783601
963.080623	98.788272
963.245222	28.770109
963.409803	110.791386
963.574365	112.791905
963.738907	110.791386
963.903430	36.772185
964.067934	32.771147
964.232419	74.782045
964.396885	94.787234
964.561331	102.789310
964.725758	56.777374
964.890166	174.807992
965.054555	96.787753
965.218925	98.788272
965.383275	150.801764
965.547607	94.787234
965.711919	66.779969
965.876212	98.788272
966.040485	124.795018
966.204740	70.781007
966.368975	70.781007
966.533191	24.769071
966.697388	72.781526
966.861565	36.772185
967.025724	138.798651
967.189863	62.778931
967.353983	102.789310
967.518084	-17.241827
967.682165	44.774261
967.846228	-15.241308
968.010271	102.789310
968.174294	130.796575
968.338299	70.781007
968.502285	100.788791
968.666251	26.769590
968.830198	134.797613
968.994125	132.797094
969.158034	42.773742
969.321923	76.782564
969.485793	72.781526
969.649644	86.785158
969.813475	40.773223
969.977288	64.779450
970.141081	104.789829
970.304854	90.786196
970.468609	86.785158
970.632344	46.774779
970.796060	138.798651
970.959757	94.787234
971.123434	176.808511
971.287093	150.801764
971.450732	98.788272
971.614351	92.786715
971.777952	162.804878
971.941533	50.775817
972.105095	110.791386
972.268638	156.803321
972.432161	76.782564
972.595665	84.784639
972.759150	28.770109
972.922616	94.787234
973.086062	112.791905
973.249489	64.779450
973.412897	64.779450
973.576285	84.784639
973.739654	90.786196
973.903004	38.772704
974.066335	114.792423
974.229646	34.771666
974.392938	68.780488
974.556211	124.795018
974.719464	50.775817
974.882698	80.783601
975.045913	32.771147
975.209109	112.791905
975.372285	64.779450
975.535442	92.786715
975.698579	62.778931
975.861698	82.784120
976.024797	90.786196
976.187876	142.799689
976.350937	76.782564
976.513978	94.787234
976.677000	48.775298
976.840002	96.787753
977.002985	114.792423
977.165949	112.791905
977.328894	86.785158
977.491819	106.790348
977.654725	98.788272
977.817611	140.799170
977.980478	62.778931
978.143326	122.794499
978.306155	132.797094
978.468964	80.783601
978.631754	112.791905
978.794524	86.785158
978.957275	76.782564
979.120007	120.793980
979.282720	98.788272
979.445413	6.764401
979.608086	66.779969
979.770741	20.768033
979.933376	146.800727
980.095992	56.777374
980.258588	154.802802
980.421165	72.781526
980.583723	72.781526
980.746261	92.786715
980.908780	82.784120
981.071280	84.784639
981.233760	118.793461
981.396221	54.776855
981.558662	136.798132
981.721084	68.780488
981.883487	84.784639
982.045871	146.800727
982.208235	94.787234
982.370579	126.795537
982.532905	72.781526
982.695210	92.786715
982.857497	96.787753
983.019764	46.774779
983.182012	78.783083
983.344240	82.784120
983.506449	56.777374
983.668639	110.791386
983.830809	26.769590
983.992960	134.797613
984.155091	172.807473
984.317203	66.779969
984.479296	22.768552
984.641369	80.783601
984.803423	62.778931
984.965457	120.793980
985.127472	88.785677
985.289468	78.783083
985.451444	102.789310
985.613401	78.783083
985.775338	54.776855
985.937256	70.781007
986.099155	110.791386
986.261034	22.768552
986.422893	130.796575
986.584734	66.779969
986.746555	70.781007
986.908356	94.787234
987.070138	18.767514
987.231901	36.772185
987.393644	60.778412
987.555367	90.786196
987.717072	126.795537
987.878757	52.776336
988.040422	108.790867
988.202068	128.796056
988.363695	48.775298
988.525302	82.784120
988.686889	116.792942
988.848458	84.784639
989.010006	122.794499
989.171536	98.788272
989.333046	84.784639
989.494536	44.774261
989.656007	84.784639
989.817458	84.784639
989.978891	64.779450
990.140303	56.777374
990.301696	132.797094
990.463070	80.783601
990.624424	68.780488
990.785759	102.789310
990.947074	70.781007
991.108370	76.782564
991.269646	94.787234
991.430903	84.784639
991.592141	66.779969
991.753359	90.786196
991.914557	48.775298
992.075736	130.796575
992.236896	80.783601
992.398036	112.791905
992.559156	84.784639
992.720257	162.804878
992.881339	60.778412
993.042401	74.782045
993.203443	50.775817
993.364466	76.782564
993.525470	64.779450
993.686454	56.777374
993.847419	4.763882
994.008364	4.763882
994.169289	88.785677
994.330196	126.795537
994.491082	66.779969
994.651949	132.797094
994.812797	116.792942
994.973625	126.795537
995.134433	82.784120
995.295223	56.777374
995.455992	136.798132
995.616742	60.778412
995.777473	62.778931
995.938184	164.805397
996.098875	26.769590
996.259547	126.795537
996.420199	80.783601
996.580832	130.796575
996.741446	68.780488
996.902039	108.790867
997.062614	62.778931
997.223168	54.776855
997.383704	132.797094
997.544219	192.812662
997.704716	92.786715
997.865192	78.783083
998.025649	146.800727
998.186087	32.771147
998.346505	102.789310
998.506903	88.785677
998.667282	58.777893
998.827641	40.773223
998.987981	42.773742
999.148301	98.788272
999.308602	106.790348
999.468883	104.789829
999.629145	50.775817
999.789387	36.772185
999.949609	104.789829
1000.109812	92.786715
1000.269995	62.778931
1000.430159	88.785677
1000.590303	40.773223
1000.750428	86.785158
1000.910533	108.790867
1001.070618	122.794499
1001.230684	150.801764
1001.390730	54.776855
1001.550757	126.795537
1001.710764	112.791905
1001.870752	76.782564
1002.030720	102.789310
1002.190668	14.766476
1002.350597	26.769590
1002.510506	86.785158
1002.670395	76.782564
1002.830265	118.793461
1002.990116	54.776855
1003.149947	132.797094
1003.309758	130.796575
1003.469550	116.792942
1003.629322	98.788272
1003.789074	70.781007
1003.948807	44.774261
1004.108520	144.800208
1004.268213	36.772185
1004.427887	72.781526
1004.587542	54.776855
1004.747177	52.776336
1004.906792	86.785158
1005.066387	152.802283
1005.225963	106.790348
1005.385519	30.770628
1005.545056	124.795018
1005.704573	98.788272
1005.864070	106.790348
1006.023548	84.784639
1006.183006	30.770628
1006.342445	24.769071
1006.501864	52.776336
1006.661263	172.807473
1006.820642	112.791905
1006.980002	38.772704
1007.139343	26.769590
1007.298663	80.783601
1007.457964	116.792942
1007.617246	118.793461
1007.776508	94.787234
1007.935750	64.779450
1008.094972	66.779969
1008.254175	52.776336
1008.413358	82.784120
1008.572522	18.767514
1008.731665	58.777893
1008.890790	116.792942
1009.049894	112.791905
1009.208979	100.788791
1009.368044	88.785677
1009.527090	52.776336
1009.686115	48.775298
1009.845122	70.781007
1010.004108	156.803321
1010.163075	150.801764
1010.322022	124.795018
1010.480950	118.793461
1010.639857	42.773742
1010.798745	44.774261
1010.957614	198.814219
1011.116463	56.777374
1011.275292	74.782045
1011.434101	40.773223
1011.592891	104.789829
1011.751661	38.772704
1011.910411	46.774779
1012.069142	116.792942
1012.227853	34.771666
1012.386544	98.788272
1012.545215	54.776855
1012.703867	138.798651
1012.862499	24.769071
1013.021112	128.796056
1013.179705	56.777374
1013.338278	42.773742
1013.496831	76.782564
1013.655364	58.777893
1013.813878	102.789310
1013.972372	-1.237675
1014.130847	128.796056
1014.289302	92.786715
1014.447737	84.784639
1014.606152	94.787234
1014.764547	82.784120
1014.922923	170.806954
1015.081279	100.788791
1015.239616	64.779450
1015.397932	146.800727
1015.556229	120.793980
1015.714507	48.775298
1015.872764	104.789829
1016.031002	94.787234
1016.189220	84.784639
1016.347418	126.795537
1016.505597	58.777893
1016.663755	30.770628
1016.821894	62.778931
1016.980014	168.806435
1017.138113	46.774779
1017.296193	104.789829
1017.454253	30.770628
1017.612293	102.789310
1017.770314	86.785158
1017.928314	70.781007
1018.086295	58.777893
1018.244257	98.788272
1018.402198	82.784120
1018.560120	62.778931
1018.718022	-1.237675
1018.875904	60.778412
1019.033766	104.789829
1019.191609	116.792942
1019.349432	-9.239751
1019.507235	74.782045
1019.665018	144.800208
1019.822782	114.792423
1019.980525	64.779450
1020.138249	102.789310
1020.295954	84.784639
1020.453638	54.776855
1020.611303	60.778412
1020.768947	66.779969
1020.926573	50.775817
1021.084178	140.799170
1021.241763	50.775817
1021.399329	140.799170
1021.556875	104.789829
1021.714401	48.775298
1021.871907	40.773223
1022.029394	104.789829
1022.186860	48.775298
1022.344307	122.794499
1022.501734	114.792423
1022.659141	94.787234
1022.816529	38.772704
1022.973896	46.774779
1023.131244	72.781526
1023.288572	16.766995
1023.445880	62.778931
1023.603169	66.779969
1023.760437	114.792423
1023.917686	90.786196
1024.074915	126.795537
1024.232124	66.779969
1024.389313	40.773223
1024.546482	60.778412
1024.703632	164.805397
1024.860762	114.792423
1025.017872	56.777374
1025.174962	118.793461
1025.332032	-15.241308
1025.489082	92.786715
1025.646113	60.778412
1025.803124	126.795537
1025.960114	78.783083
1026.117085	50.775817
1026.274037	64.779450
1026.430968	72.781526
1026.587879	82.784120
1026.744771	34.771666
1026.901643	60.778412
1027.058495	94.787234
1027.215327	102.789310
1027.372139	64.779450
1027.528931	40.773223
1027.685704	52.776336
1027.842456	86.785158
1027.999189	94.787234
1028.155902	34.771666
1028.312595	46.774779
1028.469268	136.798132
1028.625921	14.766476
1028.782554	86.785158
1028.939168	64.779450
1029.095761	158.803840
1029.252335	74.782045
1029.408889	22.768552
1029.565423	90.786196
1029.721937	106.790348
1029.878431	98.788272
1030.034905	76.782564
1030.191360	110.791386
1030.347794	88.785677
1030.504209	72.781526
1030.660604	72.781526
1030.816978	128.796056
1030.973333	66.779969
1031.129668	118.793461
1031.285984	82.784120
1031.442279	90.786196
1031.598554	162.804878
1031.754809	68.780488
1031.911045	66.779969
1032.067260	24.769071
1032.223456	68.780488
1032.379632	164.805397
1032.535788	68.780488
1032.691924	152.802283
1032.848040	152.802283
