344.945680	76.782564
345.162997	76.782564
345.380301	76.782564
345.597591	144.800208
345.814867	60.778412
346.032129	90.786196
346.249378	46.774779
346.466613	96.787753
346.683835	2.763363
346.901043	124.795018
347.118237	180.809549
347.335418	174.807992
347.552585	102.789310
347.769738	116.792942
347.986878	52.776336
348.204003	64.779450
348.421116	174.807992
348.638214	38.772704
348.855299	52.776336
349.072370	76.782564
349.289428	134.797613
349.506472	30.770628
349.723502	102.789310
349.940518	96.787753
350.157521	92.786715
350.374510	74.782045
350.591485	70.781007
350.808447	98.788272
351.025395	66.779969
351.242329	136.798132
351.459250	148.801245
351.676157	134.797613
351.893050	184.810586
352.109930	88.785677
352.326795	118.793461
352.543647	92.786715
352.760486	166.805916
352.977310	130.796575
353.194121	102.789310
353.410919	118.793461
353.627702	120.793980
353.844472	134.797613
354.061228	156.803321
354.277970	78.783083
354.494699	110.791386
354.711414	138.798651
354.928115	70.781007
355.144802	64.779450
355.361476	146.800727
355.578136	122.794499
355.794782	92.786715
356.011415	50.775817
356.228034	106.790348
356.444639	56.777374
356.661230	52.776336
356.877808	104.789829
357.094371	124.795018
357.310921	64.779450
357.527458	18.767514
357.743980	24.769071
357.960489	222.820446
358.176984	92.786715
358.393465	38.772704
358.609933	12.765957
358.826387	102.789310
359.042827	50.775817
359.259253	132.797094
359.475666	114.792423
359.692064	124.795018
359.908449	90.786196
360.124821	180.809549
360.341178	136.798132
360.557522	104.789829
360.773852	100.788791
360.990168	108.790867
361.206470	88.785677
361.422759	122.794499
361.639033	54.776855
361.855294	128.796056
362.071542	120.793980
362.287775	158.803840
362.503995	72.781526
362.720201	146.800727
362.936393	106.790348
363.152571	162.804878
363.368735	70.781007
363.584886	158.803840
363.801023	104.789829
364.017146	84.784639
364.233255	96.787753
364.449351	66.779969
364.665433	66.779969
364.881500	98.788272
365.097554	88.785677
365.313595	134.797613
365.529621	148.801245
365.745634	112.791905
365.961633	132.797094
366.177618	138.798651
366.393589	70.781007
366.609546	84.784639
366.825490	30.770628
367.041419	68.780488
367.257335	36.772185
367.473237	94.787234
367.689126	128.796056
367.905000	102.789310
368.120861	128.796056
368.336707	64.779450
368.552540	110.791386
368.768359	190.812143
368.984165	66.779969
369.199956	126.795537
369.415734	122.794499
369.631497	110.791386
369.847247	158.803840
370.062983	136.798132
370.278705	82.784120
370.494414	28.770109
370.710108	38.772704
370.925789	130.796575
371.141456	122.794499
371.357108	132.797094
371.572747	104.789829
371.788373	102.789310
372.003984	116.792942
372.219581	84.784639
372.435165	152.802283
372.650735	110.791386
372.866291	130.796575
373.081833	60.778412
373.297361	4.763882
373.512875	154.802802
373.728375	134.797613
373.943862	36.772185
374.159334	96.787753
374.374793	48.775298
374.590238	68.780488
374.805669	54.776855
375.021086	8.764920
375.236489	102.789310
375.451878	90.786196
375.667254	156.803321
375.882615	130.796575
376.097963	126.795537
376.313296	110.791386
376.528616	72.781526
376.743922	132.797094
376.959214	144.800208
377.174492	106.790348
377.389756	118.793461
377.605007	74.782045
377.820243	96.787753
378.035466	94.787234
378.250674	84.784639
378.465869	174.807992
378.681050	148.801245
378.896216	110.791386
379.111369	98.788272
379.326508	164.805397
379.541633	58.777893
379.756744	124.795018
379.971841	78.783083
380.186925	32.771147
380.401994	96.787753
380.617049	88.785677
380.832091	64.779450
381.047118	70.781007
381.262132	94.787234
381.477132	110.791386
381.692117	138.798651
381.907089	110.791386
382.122047	118.793461
382.336991	118.793461
382.551921	86.785158
382.766837	132.797094
382.981739	122.794499
383.196627	130.796575
383.411501	174.807992
383.626361	94.787234
383.841207	120.793980
384.056040	92.786715
384.270858	136.798132
384.485662	66.779969
384.700453	158.803840
384.915229	102.789310
385.129992	144.800208
385.344740	138.798651
385.559475	108.790867
385.774195	146.800727
385.988902	162.804878
386.203594	98.788272
386.418273	48.775298
386.632937	108.790867
386.847588	148.801245
387.062225	168.806435
387.276847	124.795018
387.491456	86.785158
387.706051	120.793980
387.920631	32.771147
388.135198	70.781007
388.349751	72.781526
388.564290	102.789310
388.778814	94.787234
388.993325	106.790348
389.207822	126.795537
389.422305	94.787234
389.636773	106.790348
389.851228	150.801764
390.065669	112.791905
390.280095	206.816295
390.494508	94.787234
390.708907	84.784639
390.923291	74.782045
391.137662	142.799689
391.352019	82.784120
391.566361	122.794499
391.780690	148.801245
391.995004	52.776336
392.209305	158.803840
392.423592	76.782564
392.637864	104.789829
392.852122	44.774261
393.066367	124.795018
393.280597	66.779969
393.494814	60.778412
393.709016	134.797613
393.923204	52.776336
394.137379	140.799170
394.351539	60.778412
394.565685	68.780488
394.779817	98.788272
394.993935	112.791905
395.208039	76.782564
395.422129	104.789829
395.636205	64.779450
395.850267	116.792942
396.064315	66.779969
396.278348	76.782564
396.492368	70.781007
396.706374	66.779969
396.920365	168.806435
397.134343	124.795018
397.348306	56.777374
397.562256	118.793461
397.776191	44.774261
397.990112	110.791386
398.204019	116.792942
398.417912	158.803840
398.631791	34.771666
398.845656	164.805397
399.059507	38.772704
399.273344	100.788791
399.487167	138.798651
399.700975	112.791905
399.914770	-11.240270
400.128550	118.793461
400.342317	84.784639
400.556069	84.784639
400.769807	38.772704
400.983531	128.796056
401.197241	86.785158
401.410937	124.795018
401.624619	40.773223
401.838286	46.774779
402.051940	6.764401
402.265579	50.775817
402.479205	92.786715
402.692816	58.777893
402.906413	86.785158
403.119996	118.793461
403.333565	136.798132
403.547120	92.786715
403.760660	52.776336
403.974187	138.798651
404.187699	130.796575
404.401198	106.790348
404.614682	140.799170
404.828152	72.781526
405.041608	136.798132
405.255050	124.795018
405.468477	180.809549
405.681891	32.771147
405.895290	134.797613
406.108676	94.787234
406.322047	44.774261
406.535404	68.780488
406.748747	102.789310
406.962075	118.793461
407.175390	-1.237675
407.388690	88.785677
407.601976	144.800208
407.815249	78.783083
408.028507	46.774779
408.241750	62.778931
408.454980	30.770628
408.668196	134.797613
408.881397	162.804878
409.094584	106.790348
409.307757	42.773742
409.520916	94.787234
409.734061	70.781007
409.947191	116.792942
410.160307	80.783601
410.373410	148.801245
410.586498	126.795537
410.799572	70.781007
411.012631	136.798132
411.225677	166.805916
411.438708	132.797094
411.651725	118.793461
411.864728	46.774779
412.077717	90.786196
412.290691	114.792423
412.503652	116.792942
412.716598	114.792423
412.929530	106.790348
413.142448	68.780488
413.355351	116.792942
413.568241	64.779450
413.781116	128.796056
413.993977	152.802283
414.206824	112.791905
414.419656	104.789829
414.632475	50.775817
414.845279	146.800727
415.058069	142.799689
415.270845	102.789310
415.483606	66.779969
415.696354	88.785677
415.909087	84.784639
416.121806	126.795537
416.334511	66.779969
416.547201	116.792942
416.759877	122.794499
416.972539	104.789829
417.185187	62.778931
417.397821	140.799170
417.610440	124.795018
417.823045	116.792942
418.035636	82.784120
418.248213	54.776855
418.460775	144.800208
418.673323	88.785677
418.885857	28.770109
419.098377	92.786715
419.310883	30.770628
419.523374	118.793461
419.735851	66.779969
419.948313	96.787753
420.160762	124.795018
420.373196	90.786196
420.585616	46.774779
420.798022	144.800208
421.010413	78.783083
421.222791	52.776336
421.435153	112.791905
421.647502	86.785158
421.859837	102.789310
422.072157	106.790348
422.284463	56.777374
422.496754	86.785158
422.709032	130.796575
422.921295	110.791386
423.133543	160.804359
423.345778	110.791386
423.557998	166.805916
423.770204	136.798132
423.982396	90.786196
424.194573	110.791386
424.406736	66.779969
424.618885	66.779969
424.831020	118.793461
425.043140	60.778412
425.255246	178.809030
425.467338	80.783601
425.679415	48.775298
425.891478	110.791386
426.103527	108.790867
426.315561	44.774261
426.527582	38.772704
426.739588	126.795537
426.951579	82.784120
427.163556	28.770109
427.375519	100.788791
427.587468	98.788272
427.799402	162.804878
428.011322	128.796056
428.223228	108.790867
428.435119	132.797094
428.646997	136.798132
428.858859	188.811624
429.070708	110.791386
429.282542	100.788791
429.494362	156.803321
429.706167	106.790348
429.917958	76.782564
430.129735	74.782045
430.341497	104.789829
430.553246	168.806435
430.764979	64.779450
430.976699	64.779450
431.188404	92.786715
431.400095	118.793461
431.611771	122.794499
431.823433	150.801764
432.035081	150.801764
432.246714	60.778412
432.458334	98.788272
432.669938	168.806435
432.881529	74.782045
433.093105	82.784120
433.304666	132.797094
433.516213	92.786715
433.727746	126.795537
433.939265	72.781526
434.150769	140.799170
434.362259	80.783601
434.573734	108.790867
434.785196	106.790348
434.996642	102.789310
435.208075	176.808511
435.419493	214.818371
435.630896	180.809549
435.842285	136.798132
436.053660	50.775817
436.265021	62.778931
436.476367	110.791386
436.687699	132.797094
436.899016	90.786196
437.110319	120.793980
437.321607	98.788272
437.532881	82.784120
437.744141	124.795018
437.955387	128.796056
438.166618	26.769590
438.377834	88.785677
438.589036	160.804359
438.800224	100.788791
439.011397	114.792423
439.222556	56.777374
439.433701	154.802802
439.644831	50.775817
439.855947	80.783601
440.067048	136.798132
440.278135	134.797613
440.489208	124.795018
440.700266	88.785677
440.911309	-1.237675
441.122339	138.798651
441.333353	34.771666
441.544354	112.791905
441.755340	106.790348
441.966311	162.804878
442.177268	76.782564
442.388211	128.796056
442.599139	110.791386
442.810053	116.792942
443.020953	80.783601
443.231837	52.776336
443.442708	106.790348
443.653564	126.795537
443.864406	108.790867
444.075233	58.777893
444.286046	188.811624
444.496844	68.780488
444.707628	102.789310
444.918397	80.783601
445.129152	88.785677
445.339893	92.786715
445.550619	60.778412
445.761330	50.775817
445.972027	62.778931
446.182710	178.809030
446.393378	92.786715
446.604032	164.805397
446.814671	104.789829
447.025296	102.789310
447.235906	120.793980
447.446502	100.788791
447.657083	60.778412
447.867650	142.799689
448.078203	154.802802
448.288741	34.771666
448.499264	76.782564
448.709773	76.782564
448.920268	126.795537
449.130748	108.790867
449.341213	120.793980
449.551664	136.798132
449.762101	128.796056
449.972523	70.781007
450.182930	96.787753
450.393323	126.795537
450.603702	190.812143
450.814066	90.786196
451.024415	114.792423
451.234751	126.795537
451.445071	150.801764
451.655377	70.781007
451.865669	120.793980
452.075946	88.785677
452.286208	110.791386
452.496456	58.777893
452.706690	90.786196
452.916909	26.769590
453.127113	134.797613
453.337303	58.777893
453.547479	56.777374
453.757639	36.772185
453.967786	88.785677
454.177918	58.777893
454.388035	104.789829
454.598138	106.790348
454.808226	124.795018
455.018300	114.792423
455.228359	156.803321
455.438404	110.791386
455.648434	96.787753
455.858449	44.774261
456.068450	136.798132
456.278437	72.781526
456.488409	146.800727
456.698366	106.790348
456.908309	52.776336
457.118237	150.801764
457.328151	150.801764
457.538050	144.800208
457.747935	136.798132
457.957805	68.780488
458.167660	86.785158
458.377501	62.778931
458.587328	158.803840
458.797140	86.785158
459.006937	48.775298
459.216719	78.783083
459.426488	98.788272
459.636241	94.787234
459.845980	26.769590
460.055704	38.772704
460.265414	62.778931
460.475110	28.770109
460.684790	162.804878
460.894456	132.797094
461.104108	66.779969
461.313745	70.781007
461.523367	88.785677
461.732975	88.785677
461.942568	96.787753
462.152147	112.791905
462.361710	74.782045
462.571260	118.793461
462.780795	58.777893
462.990315	82.784120
463.199820	198.814219
463.409311	68.780488
463.618788	122.794499
463.828249	148.801245
464.037697	96.787753
464.247129	98.788272
464.456547	72.781526
464.665950	56.777374
464.875339	180.809549
465.084713	122.794499
465.294073	88.785677
465.503418	14.766476
465.712748	90.786196
465.922063	104.789829
466.131364	16.766995
466.340651	22.768552
466.549922	98.788272
466.759180	172.807473
466.968422	142.799689
467.177650	138.798651
467.386863	70.781007
467.596062	92.786715
467.805246	156.803321
468.014415	146.800727
468.223569	100.788791
468.432709	94.787234
468.641835	64.779450
468.850945	68.780488
469.060042	128.796056
469.269123	124.795018
469.478190	114.792423
469.687242	38.772704
469.896279	108.790867
470.105302	158.803840
470.314310	132.797094
470.523304	116.792942
470.732282	170.806954
470.941247	80.783601
471.150196	102.789310
471.359131	48.775298
471.568051	164.805397
471.776956	36.772185
471.985847	158.803840
472.194723	198.814219
472.403585	114.792423
472.612432	112.791905
472.821264	116.792942
473.030081	110.791386
473.238884	118.793461
473.447672	108.790867
473.656445	106.790348
473.865204	64.779450
474.073948	34.771666
474.282677	34.771666
474.491392	76.782564
474.700092	96.787753
474.908777	110.791386
475.117447	92.786715
475.326103	144.800208
475.534744	112.791905
475.743371	134.797613
475.951982	78.783083
476.160579	112.791905
476.369161	70.781007
476.577729	106.790348
476.786282	142.799689
476.994820	58.777893
477.203343	50.775817
477.411852	110.791386
477.620346	112.791905
477.828825	122.794499
478.037290	100.788791
478.245740	144.800208
478.454175	90.786196
478.662595	34.771666
478.871001	44.774261
479.079392	152.802283
479.287768	102.789310
479.496129	88.785677
479.704476	92.786715
479.912808	68.780488
480.121125	18.767514
480.329428	126.795537
480.537715	130.796575
480.745988	44.774261
480.954247	148.801245
481.162490	144.800208
481.370719	178.809030
481.578933	144.800208
481.787132	44.774261
481.995316	108.790867
482.203486	86.785158
482.411641	148.801245
482.619781	102.789310
482.827907	60.778412
483.036017	108.790867
483.244113	98.788272
483.452194	56.777374
483.660261	118.793461
483.868312	96.787753
484.076349	136.798132
484.284371	88.785677
484.492379	190.812143
484.700371	134.797613
484.908349	102.789310
485.116312	74.782045
485.324260	98.788272
485.532193	182.810067
485.740112	166.805916
485.948016	114.792423
486.155905	192.812662
486.363779	128.796056
486.571638	154.802802
486.779483	90.786196
486.987313	100.788791
487.195128	78.783083
487.402928	190.812143
487.610713	100.788791
487.818484	152.802283
488.026240	144.800208
488.233981	46.774779
488.441707	158.803840
488.649419	68.780488
488.857115	98.788272
489.064797	122.794499
489.272464	98.788272
489.480116	130.796575
489.687753	104.789829
489.895376	176.808511
490.102983	140.799170
490.310576	128.796056
490.518154	84.784639
490.725718	90.786196
490.933266	82.784120
491.140799	60.778412
491.348318	142.799689
491.555822	136.798132
491.763311	112.791905
491.970785	96.787753
492.178245	92.786715
492.385689	34.771666
492.593119	114.792423
492.800534	62.778931
493.007934	66.779969
493.215319	88.785677
493.422689	64.779450
493.630044	72.781526
493.837385	66.779969
494.044711	100.788791
494.252022	126.795537
494.459318	158.803840
494.666599	170.806954
494.873865	124.795018
495.081116	64.779450
495.288353	122.794499
495.495575	102.789310
495.702782	60.778412
495.909973	40.773223
496.117151	86.785158
496.324313	96.787753
496.531460	114.792423
496.738593	80.783601
496.945710	78.783083
497.152813	102.789310
497.359901	158.803840
497.566974	36.772185
497.774032	150.801764
497.981075	154.802802
498.188103	86.785158
498.395116	142.799689
498.602115	96.787753
498.809098	146.800727
499.016067	144.800208
499.223021	66.779969
499.429960	126.795537
499.636884	66.779969
499.843793	108.790867
500.050687	86.785158
500.257566	120.793980
500.464431	118.793461
500.671280	140.799170
500.878115	88.785677
501.084934	46.774779
501.291739	82.784120
501.498529	114.792423
501.705304	88.785677
501.912063	114.792423
502.118809	134.797613
502.325539	228.822003
502.532254	72.781526
502.738954	102.789310
502.945639	84.784639
503.152310	166.805916
503.358965	88.785677
503.565606	154.802802
503.772231	86.785158
503.978842	144.800208
504.185438	118.793461
504.392018	122.794499
504.598584	68.780488
504.805135	78.783083
505.011671	62.778931
505.218192	46.774779
505.424698	76.782564
505.631189	156.803321
505.837665	82.784120
506.044127	118.793461
506.250573	98.788272
506.457004	84.784639
506.663420	104.789829
506.869822	88.785677
507.076208	118.793461
507.282579	108.790867
507.488936	108.790867
507.695277	106.790348
507.901604	178.809030
508.107915	90.786196
508.314212	68.780488
508.520494	124.795018
508.726760	16.766995
508.933012	184.810586
509.139248	152.802283
509.345470	100.788791
509.551677	120.793980
509.757869	110.791386
509.964045	94.787234
510.170207	30.770628
510.376354	72.781526
510.582485	22.768552
510.788602	82.784120
510.994704	74.782045
511.200791	114.792423
511.406862	70.781007
511.612919	158.803840
511.818961	120.793980
512.024988	112.791905
512.230999	160.804359
512.436996	146.800727
512.642978	178.809030
512.848945	162.804878
513.054896	90.786196
513.260833	158.803840
513.466755	40.773223
513.672661	120.793980
513.878553	104.789829
514.084429	108.790867
514.290291	162.804878
514.496138	142.799689
514.701969	106.790348
514.907786	58.777893
515.113587	148.801245
515.319373	64.779450
515.525145	70.781007
515.730901	88.785677
515.936642	144.800208
516.142369	176.808511
516.348080	102.789310
516.553776	130.796575
516.759457	90.786196
516.965123	62.778931
517.170775	110.791386
517.376411	62.778931
517.582032	220.819927
517.787637	136.798132
517.993228	134.797613
518.198804	46.774779
518.404365	138.798651
518.609910	144.800208
518.815441	118.793461
519.020957	26.769590
519.226457	18.767514
519.431943	156.803321
519.637413	94.787234
519.842868	70.781007
520.048308	144.800208
520.253734	64.779450
520.459144	60.778412
520.664539	82.784120
520.869919	66.779969
521.075283	134.797613
521.280633	142.799689
521.485968	76.782564
521.691287	112.791905
521.896592	104.789829
522.101881	102.789310
522.307155	82.784120
522.512415	60.778412
522.717659	78.783083
522.922888	102.789310
523.128102	122.794499
523.333301	116.792942
523.538484	124.795018
523.743653	86.785158
523.948806	142.799689
524.153945	168.806435
524.359068	136.798132
524.564176	112.791905
524.769269	138.798651
524.974347	62.778931
525.179410	78.783083
525.384458	38.772704
525.589491	126.795537
525.794508	104.789829
525.999511	26.769590
526.204498	114.792423
526.409470	26.769590
526.614427	30.770628
526.819369	150.801764
527.024296	104.789829
527.229207	140.799170
527.434104	96.787753
527.638985	106.790348
527.843851	150.801764
528.048702	102.789310
528.253538	80.783601
528.458359	38.772704
528.663165	56.777374
528.867955	162.804878
529.072730	106.790348
529.277491	126.795537
529.482236	154.802802
529.686966	130.796575
529.891680	144.800208
530.096380	100.788791
530.301064	106.790348
530.505734	56.777374
530.710388	160.804359
530.915027	38.772704
531.119650	96.787753
531.324259	120.793980
531.528852	94.787234
531.733431	54.776855
531.937994	58.777893
532.142542	118.793461
532.347075	134.797613
532.551592	90.786196
532.756094	70.781007
532.960582	132.797094
533.165054	146.800727
533.369511	70.781007
533.573952	144.800208
533.778379	114.792423
533.982790	76.782564
534.187186	60.778412
534.391567	138.798651
534.595933	42.773742
534.800283	164.805397
535.004619	84.784639
535.208939	136.798132
535.413244	144.800208
535.617533	76.782564
535.821808	132.797094
536.026067	132.797094
536.230311	114.792423
536.434540	70.781007
536.638754	132.797094
536.842952	44.774261
537.047136	148.801245
537.251304	132.797094
537.455456	102.789310
537.659594	28.770109
537.863716	60.778412
538.067823	96.787753
538.271915	52.776336
538.475992	86.785158
538.680054	32.771147
538.884100	164.805397
539.088131	138.798651
539.292147	124.795018
539.496147	130.796575
539.700132	118.793461
539.904103	80.783601
540.108057	132.797094
540.311997	112.791905
540.515921	128.796056
540.719830	146.800727
540.923724	238.824598
541.127603	180.809549
541.331466	170.806954
541.535314	134.797613
541.739147	148.801245
541.942965	110.791386
542.146767	252.828230
542.350554	180.809549
542.554326	218.819408
542.758082	148.801245
542.961824	174.807992
543.165550	212.817852
543.369260	196.813700
543.572956	128.796056
543.776636	160.804359
543.980301	146.800727
544.183951	192.812662
544.387585	144.800208
544.591204	250.827711
544.794808	194.813181
544.998397	220.819927
545.201970	170.806954
545.405528	138.798651
545.609070	240.825117
545.812598	188.811624
546.016110	204.815776
546.219607	228.822003
546.423088	176.808511
546.626554	102.789310
546.830005	148.801245
547.033441	96.787753
547.236861	132.797094
547.440266	182.810067
547.643656	178.809030
547.847031	164.805397
548.050390	170.806954
548.253733	144.800208
548.457062	82.784120
548.660375	84.784639
548.863673	164.805397
549.066955	68.780488
549.270223	126.795537
549.473475	128.796056
549.676711	116.792942
549.879932	196.813700
550.083138	128.796056
550.286329	82.784120
550.489504	42.773742
550.692664	176.808511
550.895809	88.785677
551.098938	126.795537
551.302052	124.795018
551.505151	100.788791
551.708234	142.799689
551.911302	150.801764
552.114355	86.785158
552.317392	244.826155
552.520414	56.777374
552.723420	102.789310
552.926411	114.792423
553.129387	74.782045
553.332348	168.806435
553.535293	90.786196
553.738223	158.803840
553.941137	128.796056
554.144036	100.788791
554.346920	118.793461
554.549788	132.797094
554.752641	130.796575
554.955479	130.796575
555.158301	164.805397
555.361108	102.789310
555.563900	136.798132
555.766676	64.779450
555.969437	112.791905
556.172182	76.782564
556.374912	54.776855
556.577627	118.793461
556.780326	78.783083
556.983010	130.796575
557.185678	108.790867
557.388331	106.790348
557.590969	110.791386
557.793591	122.794499
557.996198	92.786715
558.198790	64.779450
558.401366	116.792942
558.603927	114.792423
558.806472	124.795018
559.009002	128.796056
559.211517	130.796575
559.414016	40.773223
559.616499	156.803321
559.818968	56.777374
560.021421	38.772704
560.223858	48.775298
560.426280	90.786196
560.628687	96.787753
560.831078	162.804878
561.033454	98.788272
561.235815	158.803840
561.438160	24.769071
561.640489	126.795537
561.842803	120.793980
562.045102	104.789829
562.247385	58.777893
562.449653	42.773742
562.651906	74.782045
562.854143	90.786196
563.056364	98.788272
563.258570	96.787753
563.460761	144.800208
563.662936	100.788791
563.865096	48.775298
564.067241	168.806435
564.269369	150.801764
564.471483	138.798651
564.673581	112.791905
564.875664	182.810067
565.077731	66.779969
565.279782	70.781007
565.481819	28.770109
565.683839	58.777893
565.885845	158.803840
566.087835	120.793980
566.289809	98.788272
566.491768	124.795018
566.693711	72.781526
566.895639	62.778931
567.097552	86.785158
567.299449	68.780488
567.501330	124.795018
567.703197	78.783083
567.905047	126.795537
568.106882	82.784120
568.308702	76.782564
568.510506	132.797094
568.712295	78.783083
568.914068	134.797613
569.115826	124.795018
569.317568	140.799170
569.519295	108.790867
569.721006	114.792423
569.922702	102.789310
570.124382	124.795018
570.326047	108.790867
570.527696	136.798132
570.729330	-11.240270
570.930948	86.785158
571.132551	68.780488
571.334138	104.789829
571.535710	70.781007
571.737266	88.785677
571.938807	110.791386
572.140332	84.784639
572.341842	78.783083
572.543336	98.788272
572.744815	78.783083
572.946278	126.795537
573.147726	48.775298
573.349158	158.803840
573.550575	164.805397
573.751976	94.787234
573.953361	126.795537
574.154731	66.779969
574.356086	102.789310
574.557425	116.792942
574.758748	66.779969
574.960056	170.806954
575.161348	124.795018
575.362625	54.776855
575.563886	104.789829
575.765132	184.810586
575.966362	76.782564
576.167577	64.779450
576.368776	106.790348
576.569959	118.793461
576.771127	178.809030
576.972280	120.793980
577.173417	102.789310
577.374538	68.780488
577.575644	102.789310
577.776734	196.813700
577.977809	94.787234
578.178868	90.786196
578.379911	180.809549
578.580939	130.796575
578.781951	156.803321
578.982948	142.799689
579.183929	116.792942
579.384895	144.800208
579.585845	68.780488
579.786780	40.773223
579.987699	86.785158
580.188602	104.789829
580.389490	110.791386
580.590362	108.790867
580.791218	110.791386
580.992059	158.803840
581.192885	54.776855
581.393695	62.778931
581.594489	140.799170
581.795267	138.798651
581.996031	114.792423
582.196778	110.791386
582.397510	126.795537
582.598226	136.798132
582.798927	148.801245
582.999612	104.789829
583.200281	98.788272
583.400935	110.791386
583.601573	130.796575
583.802196	152.802283
584.002803	134.797613
584.203394	192.812662
584.403970	58.777893
584.604530	128.796056
584.805074	106.790348
585.005603	150.801764
585.206116	122.794499
585.406614	124.795018
585.607096	94.787234
585.807562	116.792942
586.008013	118.793461
586.208448	72.781526
586.408868	88.785677
586.609272	190.812143
586.809660	56.777374
587.010032	54.776855
587.210389	70.781007
587.410731	82.784120
587.611056	62.778931
587.811366	134.797613
588.011660	30.770628
588.211939	86.785158
588.412202	76.782564
588.612450	78.783083
588.812681	134.797613
589.012897	146.800727
589.213098	102.789310
589.413283	120.793980
589.613452	22.768552
589.813605	66.779969
590.013743	100.788791
590.213865	122.794499
590.413971	54.776855
590.614062	194.813181
590.814137	112.791905
591.014197	108.790867
591.214240	108.790867
591.414268	162.804878
591.614281	84.784639
591.814277	206.816295
592.014258	116.792942
592.214224	108.790867
592.414173	144.800208
592.614107	148.801245
592.814026	38.772704
593.013928	188.811624
593.213815	76.782564
593.413686	82.784120
593.613542	92.786715
593.813382	82.784120
594.013206	160.804359
594.213014	112.791905
594.412807	104.789829
594.612584	104.789829
594.812345	88.785677
595.012091	90.786196
595.211820	142.799689
595.411535	102.789310
595.611233	58.777893
595.810916	182.810067
596.010583	36.772185
596.210234	166.805916
596.409870	74.782045
596.609489	100.788791
596.809093	98.788272
597.008682	188.811624
597.208255	78.783083
597.407811	56.777374
597.607353	108.790867
597.806878	88.785677
598.006388	28.770109
598.205882	162.804878
598.405360	134.797613
598.604823	104.789829
598.804269	46.774779
599.003701	60.778412
599.203116	100.788791
599.402515	102.789310
599.601899	114.792423
599.801267	146.800727
600.000620	132.797094
600.199956	60.778412
600.399277	102.789310
600.598582	80.783601
600.797871	104.789829
600.997145	116.792942
601.196402	56.777374
601.395644	138.798651
601.594871	30.770628
601.794081	78.783083
601.993276	60.778412
602.192455	114.792423
602.391618	80.783601
602.590765	130.796575
602.789897	146.800727
602.989013	104.789829
603.188113	136.798132
603.387197	54.776855
603.586266	136.798132
603.785318	108.790867
603.984355	122.794499
604.183376	146.800727
604.382382	142.799689
604.581371	138.798651
604.780345	40.773223
604.979303	88.785677
605.178245	64.779450
605.377171	134.797613
605.576082	108.790867
605.774977	102.789310
605.973856	126.795537
606.172719	58.777893
606.371566	98.788272
606.570398	176.808511
606.769214	90.786196
606.968013	50.775817
607.166798	100.788791
607.365566	132.797094
607.564318	110.791386
607.763055	104.789829
607.961776	28.770109
608.160481	80.783601
608.359170	128.796056
608.557843	150.801764
608.756501	110.791386
608.955143	76.782564
609.153769	110.791386
609.352379	82.784120
609.550973	94.787234
609.749551	202.815257
609.948114	192.812662
610.146661	114.792423
610.345191	132.797094
610.543706	170.806954
610.742206	264.831344
610.940689	258.829787
611.139156	244.826155
611.337608	220.819927
611.536044	240.825117
611.734464	178.809030
611.932868	184.810586
612.131256	216.818889
612.329628	156.803321
612.527985	170.806954
612.726326	204.815776
612.924650	198.814219
613.122959	146.800727
613.321252	104.789829
613.519530	140.799170
613.717791	104.789829
613.916036	190.812143
614.114266	144.800208
614.312480	134.797613
614.510677	88.785677
614.708859	122.794499
614.907025	238.824598
615.105176	126.795537
615.303310	138.798651
615.501428	90.786196
615.699531	208.816814
615.897617	134.797613
616.095688	122.794499
616.293743	152.802283
616.491782	124.795018
616.689805	194.813181
616.887812	102.789310
617.085803	56.777374
617.283779	102.789310
617.481738	132.797094
617.679682	64.779450
617.877609	86.785158
618.075521	142.799689
618.273417	162.804878
618.471297	48.775298
618.669161	122.794499
618.867009	106.790348
619.064841	110.791386
619.262657	148.801245
619.460458	26.769590
619.658242	124.795018
619.856011	144.800208
620.053763	138.798651
620.251500	56.777374
620.449221	84.784639
620.646925	172.807473
620.844614	118.793461
621.042287	92.786715
621.239944	146.800727
621.437585	88.785677
621.635210	72.781526
621.832819	110.791386
622.030413	148.801245
622.227990	148.801245
622.425551	118.793461
622.623097	94.787234
622.820626	186.811105
623.018139	72.781526
623.215637	92.786715
623.413119	154.802802
623.610584	90.786196
623.808034	108.790867
624.005468	150.801764
624.202885	112.791905
624.400287	60.778412
624.597673	144.800208
624.795043	136.798132
624.992397	130.796575
625.189735	178.809030
625.387057	116.792942
625.584362	122.794499
625.781652	122.794499
625.978926	104.789829
626.176185	96.787753
626.373427	104.789829
626.570653	160.804359
626.767863	100.788791
626.965057	110.791386
627.162235	74.782045
627.359397	74.782045
627.556543	86.785158
627.753673	84.784639
627.950788	102.789310
628.147886	76.782564
628.344968	128.796056
628.542034	38.772704
628.739084	108.790867
628.936118	98.788272
629.133137	204.815776
629.330139	106.790348
629.527125	62.778931
629.724095	64.779450
629.921049	108.790867
630.117987	116.792942
630.314909	152.802283
630.511815	118.793461
630.708705	46.774779
630.905579	140.799170
631.102437	200.814738
631.299279	66.779969
631.496105	142.799689
631.692915	42.773742
631.889709	228.822003
632.086487	162.804878
632.283249	128.796056
632.479995	94.787234
632.676725	120.793980
632.873438	124.795018
633.070136	140.799170
633.266818	118.793461
633.463483	22.768552
633.660133	98.788272
633.856767	112.791905
634.053384	104.789829
634.249986	114.792423
634.446571	30.770628
634.643140	140.799170
634.839694	142.799689
635.036231	118.793461
635.232752	144.800208
635.429257	106.790348
635.625746	144.800208
635.822219	-9.239751
636.018676	86.785158
636.215117	50.775817
636.411542	144.800208
636.607950	70.781007
636.804343	70.781007
637.000720	110.791386
637.197080	72.781526
637.393425	102.789310
637.589753	58.777893
637.786065	94.787234
637.982361	26.769590
638.178642	170.806954
638.374906	114.792423
638.571154	172.807473
638.767385	138.798651
638.963601	72.781526
639.159801	72.781526
639.355984	76.782564
639.552152	80.783601
639.748303	152.802283
639.944438	74.782045
640.140558	98.788272
640.336661	80.783601
640.532748	118.793461
640.728819	90.786196
640.924873	100.788791
641.120912	72.781526
641.316935	114.792423
641.512941	122.794499
641.708931	116.792942
641.904906	88.785677
642.100864	90.786196
642.296806	88.785677
642.492731	116.792942
642.688641	128.796056
642.884535	122.794499
643.080412	100.788791
643.276274	102.789310
643.472119	72.781526
643.667948	130.796575
643.863761	164.805397
644.059558	124.795018
644.255338	66.779969
644.451103	94.787234
644.646851	52.776336
644.842583	160.804359
645.038300	140.799170
645.234000	32.771147
645.429683	146.800727
645.625351	140.799170
645.821003	58.777893
646.016638	176.808511
646.212257	166.805916
646.407860	100.788791
646.603447	72.781526
646.799018	136.798132
646.994572	86.785158
647.190111	110.791386
647.385633	92.786715
647.581139	98.788272
647.776629	86.785158
647.972103	50.775817
648.167560	142.799689
648.363002	128.796056
648.558427	124.795018
648.753836	126.795537
648.949229	28.770109
649.144606	142.799689
649.339966	102.789310
649.535311	128.796056
649.730639	46.774779
649.925951	148.801245
650.121246	110.791386
650.316526	150.801764
650.511789	134.797613
650.707037	138.798651
650.902268	52.776336
651.097483	74.782045
651.292681	94.787234
651.487864	42.773742
651.683030	64.779450
651.878180	168.806435
652.073314	108.790867
652.268431	58.777893
652.463533	144.800208
652.658618	138.798651
652.853687	178.809030
653.048739	92.786715
653.243776	48.775298
653.438796	38.772704
653.633800	60.778412
653.828788	112.791905
654.023760	52.776336
654.218715	70.781007
654.413655	178.809030
654.608578	108.790867
654.803484	102.789310
654.998375	104.789829
655.193249	158.803840
655.388107	88.785677
655.582949	16.766995
655.777775	146.800727
655.972584	110.791386
656.167377	74.782045
656.362154	18.767514
656.556914	118.793461
656.751659	68.780488
656.946387	106.790348
657.141099	92.786715
657.335794	96.787753
657.530474	62.778931
657.725137	120.793980
657.919784	196.813700
658.114414	124.795018
658.309029	94.787234
658.503627	142.799689
658.698208	102.789310
658.892774	76.782564
659.087323	68.780488
659.281856	86.785158
659.476373	94.787234
659.670873	34.771666
659.865358	116.792942
660.059825	80.783601
660.254277	98.788272
660.448712	70.781007
660.643131	116.792942
660.837534	76.782564
661.031921	186.811105
661.226291	84.784639
661.420645	182.810067
661.614983	128.796056
661.809304	88.785677
662.003609	136.798132
662.197898	128.796056
662.392170	78.783083
662.586426	34.771666
662.780666	150.801764
662.974890	102.789310
663.169097	110.791386
663.363288	102.789310
663.557463	68.780488
663.751621	102.789310
663.945763	138.798651
664.139889	54.776855
664.333998	58.777893
664.528091	76.782564
664.722168	102.789310
664.916228	80.783601
665.110272	154.802802
665.304300	168.806435
665.498312	108.790867
665.692307	102.789310
665.886286	134.797613
666.080248	104.789829
666.274194	98.788272
666.468124	132.797094
666.662038	90.786196
666.855935	166.805916
667.049816	194.813181
667.243680	116.792942
667.437528	144.800208
667.631360	52.776336
667.825176	86.785158
668.018975	188.811624
668.212757	88.785677
668.406524	94.787234
668.600274	72.781526
668.794008	66.779969
668.987725	180.809549
669.181426	182.810067
669.375111	138.798651
669.568779	154.802802
669.762431	216.818889
669.956066	136.798132
670.149686	178.809030
670.343288	184.810586
670.536875	128.796056
670.730445	102.789310
670.923999	78.783083
671.117536	104.789829
671.311057	194.813181
671.504562	154.802802
671.698050	186.811105
671.891522	210.817333
672.084977	254.828749
672.278416	184.810586
672.471839	200.814738
672.665245	180.809549
672.858635	176.808511
673.052008	78.783083
673.245366	198.814219
673.438706	186.811105
673.632031	292.838609
673.825338	186.811105
674.018630	226.821484
674.211905	190.812143
674.405164	260.830306
674.598406	164.805397
674.791632	188.811624
674.984842	240.825117
675.178035	218.819408
675.371211	292.838609
675.564372	240.825117
675.757515	232.823041
675.950643	286.837052
676.143754	324.846912
676.336848	256.829268
676.529927	334.849507
676.722988	366.857810
676.916034	326.847431
677.109063	388.863518
677.302075	282.836015
677.495071	366.857810
677.688051	350.853659
677.881014	334.849507
678.073961	328.847950
678.266891	388.863518
678.459805	326.847431
678.652702	418.871303
678.845583	314.844318
679.038448	390.864037
679.231296	376.860405
679.424127	338.850545
679.616942	348.853140
679.809741	348.853140
680.002524	366.857810
680.195289	398.866113
680.388039	376.860405
680.580772	340.851064
680.773488	420.871821
680.966188	334.849507
681.158872	386.862999
681.351539	342.851583
681.544189	424.872859
681.736823	372.859367
681.929441	334.849507
682.122042	416.870784
682.314627	490.889984
682.507195	334.849507
682.699747	380.861443
682.892282	366.857810
683.084801	370.858848
683.277303	444.878049
683.469789	422.872340
683.662258	436.875973
683.854711	526.899325
684.047148	456.881162
684.239567	440.877011
684.431971	518.897250
684.624358	416.870784
684.816728	518.897250
685.009082	606.920083
685.201419	658.933576
685.393740	626.925272
685.586045	670.936689
685.778333	738.954333
685.970604	714.948106
686.162859	828.977686
686.355097	820.975610
686.547319	882.991697
686.739524	957.010898
686.931713	1025.028542
687.123886	1089.045148
687.316041	1193.072133
687.508181	1253.087701
687.700303	1365.116762
687.892410	1403.126622
688.084499	1567.169175
688.276572	1611.180592
688.468629	1729.211209
688.660669	1941.266217
688.852693	2029.289050
689.044700	2091.305138
689.236690	2365.376232
689.428664	2591.434873
689.620622	2529.418786
689.812563	2853.502854
690.004487	2901.515309
690.196395	3085.563051
690.388286	3279.613389
690.580161	3523.676700
690.772019	3613.700052
690.963861	3845.760249
691.155686	4177.846393
691.347494	4463.920602
691.539286	4713.985470
691.731061	5098.085106
691.922820	5058.074728
692.114562	5632.223664
692.306288	5840.277634
692.497997	6140.355475
692.689690	6344.408407
692.881366	6776.520498
693.073025	7116.608718
693.264668	7360.672029
693.456295	7726.766995
693.647904	8168.881681
693.839497	8448.954333
694.031074	9159.138557
694.222634	9081.118319
694.414177	9467.218474
694.605704	10337.444214
694.797214	10701.538661
694.988708	11239.678256
695.180185	11905.851064
695.371646	12281.948625
695.563089	12826.089777
695.754517	12852.096523
695.945927	13760.332122
696.137321	14294.470680
696.328699	14702.576544
696.520060	15182.701090
696.711404	15738.845355
696.902732	16168.956928
697.094043	17177.218474
697.285337	18049.444733
697.476615	18441.546445
697.667876	19139.727556
697.859121	19573.840166
698.050349	20113.980280
698.241560	21266.279190
698.432755	21490.337312
698.623933	22648.637779
698.815095	23380.827711
699.006240	24022.994292
699.197368	24967.239232
699.388480	25691.427089
699.579575	26263.575506
699.770653	26797.714063
699.961715	27633.930981
700.152760	27910.002595
700.343789	28760.223145
700.534800	29214.340944
700.725796	29562.431240
700.916774	30680.721328
701.107736	31867.029061
701.298681	32267.132849
701.489610	32767.262584
701.680522	33693.502854
701.871417	33623.484691
702.062296	34289.657499
702.253158	34365.677218
702.444004	35063.858329
702.634832	35297.919045
702.825644	36116.131292
703.016440	35816.053451
703.207219	36202.153607
703.397981	36416.209133
703.588726	36768.300467
703.779455	37150.399585
703.970167	36788.305656
704.160863	36596.255838
704.351541	36124.133368
704.542203	36788.305656
704.732849	36162.143228
704.923478	35545.983394
705.114090	36118.131811
705.304685	35626.004152
705.495264	35862.065387
705.685826	34867.807473
705.876371	34987.838609
706.066900	34585.734302
706.257412	33627.485729
706.447907	33533.461339
706.638385	32741.255838
706.828847	32181.110535
707.019292	31771.004152
707.209721	31364.898806
707.400133	30332.631033
707.590528	30336.632071
707.780906	29580.435911
707.971268	29080.306175
708.161613	28184.073690
708.351941	27351.857810
708.542253	26793.713025
708.732548	25867.472756
708.922826	25565.394395
709.113087	24549.130773
709.303332	23944.974053
709.493560	22922.708874
709.683771	22470.591593
709.873966	21648.378308
710.064143	21228.269331
710.254304	20726.139076
710.444449	19753.886871
710.634576	19415.799170
710.824687	18301.510119
711.014782	17527.309289
711.204859	17183.220031
711.394920	16369.008822
711.584964	15968.905034
711.774991	15002.654385
711.965001	14720.581214
712.154995	13908.370524
712.344972	13368.230410
712.534932	12868.100675
712.724876	12377.973534
712.914803	11731.805916
713.104713	11253.681889
713.294606	10843.575506
713.484483	10541.497146
713.674342	9737.288531
713.864185	9317.179554
714.054011	8775.038921
714.243821	8600.993773
714.433614	8166.881162
714.623390	7732.768552
714.813149	7338.666321
715.002891	6894.551116
715.192617	6452.436430
715.382326	6118.349766
715.572018	5938.303062
715.761693	5612.218474
715.951352	5266.128697
716.140993	5142.096523
716.330618	4770.000000
716.520227	4583.951738
716.709818	4465.921121
716.899393	4019.805397
717.088951	3745.734302
717.278492	3623.702647
717.468016	3451.658018
717.657523	3215.596783
717.847014	3105.568241
718.036488	2831.497146
718.225945	2643.448365
718.415385	2453.399066
718.604809	2419.390244
718.794216	2259.348729
718.983606	2107.309289
719.172979	1973.274520
719.362335	1893.253762
719.551674	1913.258952
719.740997	1649.190451
719.930303	1621.183186
720.119592	1561.167618
720.308864	1513.155163
720.498120	1351.113129
720.687358	1211.076803
720.876580	1153.061754
721.065785	1071.040477
721.254973	1067.039440
721.444144	1051.035288
721.633299	900.996367
721.822436	971.014530
722.011557	874.989621
722.200661	768.962117
722.389748	784.966269
722.578818	736.953814
722.767872	680.939284
722.956909	668.936170
723.145928	578.912818
723.334931	642.929424
723.523917	594.916969
723.712887	542.903477
723.901839	576.912299
724.090775	572.911261
724.279693	532.900882
724.468595	524.898806
724.657480	430.874416
724.846348	494.891022
725.035199	436.875973
725.224034	356.855215
725.412851	356.855215
725.601652	414.870265
725.790436	430.874416
725.979203	308.842761
726.167953	316.844837
726.356686	424.872859
726.545402	398.866113
726.734102	382.861962
726.922784	396.865594
727.111450	320.845874
727.300099	302.841204
727.488731	270.832901
727.677346	274.833939
727.865944	312.843799
728.054525	350.853659
728.243090	290.838090
728.431637	238.824598
728.620168	272.833420
728.808682	222.820446
728.997178	326.847431
729.185658	236.824079
729.374121	230.822522
729.562567	262.830825
729.750997	198.814219
729.939409	302.841204
730.127804	260.830306
730.316183	166.805916
730.504545	274.833939
730.692889	198.814219
730.881217	230.822522
731.069528	216.818889
731.257822	218.819408
731.446099	172.807473
731.634359	190.812143
731.822602	214.818371
732.010828	242.825636
732.199038	172.807473
732.387230	260.830306
732.575406	226.821484
732.763564	154.802802
732.951706	184.810586
733.139831	204.815776
733.327938	200.814738
733.516029	220.819927
733.704103	252.828230
733.892160	198.814219
734.080200	188.811624
734.268223	222.820446
734.456229	196.813700
734.644218	184.810586
734.832191	182.810067
735.020146	140.799170
735.208084	198.814219
735.396006	104.789829
735.583910	150.801764
735.771797	114.792423
735.959668	128.796056
736.147522	170.806954
736.335358	206.816295
736.523178	190.812143
736.710980	172.807473
736.898766	218.819408
737.086535	120.793980
737.274286	66.779969
737.462021	118.793461
737.649739	96.787753
737.837440	92.786715
738.025124	242.825636
738.212791	172.807473
738.400440	102.789310
738.588073	198.814219
738.775689	80.783601
738.963288	172.807473
739.150870	148.801245
739.338435	170.806954
739.525983	146.800727
739.713514	54.776855
739.901028	40.773223
740.088525	188.811624
740.276005	72.781526
740.463468	104.789829
740.650914	138.798651
740.838343	42.773742
741.025755	128.796056
741.213150	114.792423
741.400528	138.798651
741.587889	168.806435
741.775233	84.784639
741.962559	82.784120
742.149869	120.793980
742.337162	104.789829
742.524438	110.791386
742.711697	32.771147
742.898939	112.791905
743.086164	150.801764
743.273371	102.789310
743.460562	38.772704
743.647736	106.790348
743.834892	86.785158
744.022032	78.783083
744.209155	106.790348
744.396260	58.777893
744.583349	52.776336
744.770420	98.788272
744.957475	126.795537
745.144512	148.801245
745.331533	116.792942
745.518536	180.809549
745.705522	116.792942
745.892491	58.777893
746.079444	140.799170
746.266379	108.790867
746.453297	104.789829
746.640198	120.793980
746.827082	108.790867
747.013949	124.795018
747.200798	84.784639
747.387631	50.775817
747.574447	58.777893
747.761246	64.779450
747.948027	68.780488
748.134792	28.770109
748.321539	76.782564
748.508269	48.775298
748.694983	70.781007
748.881679	156.803321
749.068358	88.785677
749.255020	60.778412
749.441665	74.782045
749.628293	126.795537
749.814904	124.795018
750.001497	114.792423
750.188074	84.784639
750.374633	92.786715
750.561176	-1.237675
750.747701	64.779450
750.934209	100.788791
751.120701	64.779450
751.307175	88.785677
751.493631	122.794499
751.680071	90.786196
751.866494	72.781526
752.052900	178.809030
752.239288	66.779969
752.425660	80.783601
752.612014	64.779450
752.798351	70.781007
752.984671	132.797094
753.170974	148.801245
753.357260	54.776855
753.543529	66.779969
753.729780	66.779969
753.916015	100.788791
754.102232	124.795018
754.288432	78.783083
754.474615	108.790867
754.660781	64.779450
754.846930	96.787753
755.033062	60.778412
755.219176	74.782045
755.405274	148.801245
755.591354	122.794499
755.777417	110.791386
755.963463	76.782564
756.149492	68.780488
756.335503	140.799170
756.521498	92.786715
756.707475	134.797613
756.893436	136.798132
757.079379	72.781526
757.265305	104.789829
757.451213	84.784639
757.637105	50.775817
757.822979	114.792423
758.008837	94.787234
758.194677	162.804878
758.380500	96.787753
758.566306	132.797094
758.752094	88.785677
758.937866	138.798651
759.123620	108.790867
759.309357	102.789310
759.495077	88.785677
759.680780	106.790348
759.866465	80.783601
760.052134	4.763882
760.237785	106.790348
760.423419	70.781007
760.609036	76.782564
760.794636	54.776855
760.980218	96.787753
761.165783	80.783601
761.351331	114.792423
761.536862	112.791905
761.722376	134.797613
761.907873	78.783083
762.093352	62.778931
762.278814	68.780488
762.464259	126.795537
762.649687	6.764401
762.835097	118.793461
763.020490	110.791386
763.205866	124.795018
763.391225	98.788272
763.576567	62.778931
763.761891	106.790348
763.947199	98.788272
764.132489	40.773223
764.317761	180.809549
764.503017	146.800727
764.688255	108.790867
764.873476	128.796056
765.058680	138.798651
765.243867	88.785677
765.429036	56.777374
765.614188	140.799170
765.799323	90.786196
765.984441	128.796056
766.169542	106.790348
766.354625	102.789310
766.539691	76.782564
766.724740	164.805397
766.909771	134.797613
767.094785	100.788791
767.279782	126.795537
767.464762	88.785677
767.649725	20.768033
767.834670	90.786196
768.019598	60.778412
768.204509	18.767514
768.389402	90.786196
768.574278	132.797094
768.759137	96.787753
768.943979	120.793980
769.128804	108.790867
769.313611	136.798132
769.498401	188.811624
769.683173	114.792423
769.867929	166.805916
770.052667	124.795018
770.237388	138.798651
770.422091	96.787753
770.606777	112.791905
770.791446	98.788272
770.976098	148.801245
771.160733	100.788791
771.345350	110.791386
771.529950	146.800727
771.714532	36.772185
771.899097	144.800208
772.083645	72.781526
772.268176	154.802802
772.452689	108.790867
772.637185	92.786715
772.821664	78.783083
773.006126	102.789310
773.190570	68.780488
773.374997	92.786715
773.559406	88.785677
773.743799	58.777893
773.928174	42.773742
774.112531	124.795018
774.296872	140.799170
774.481195	82.784120
774.665500	128.796056
774.849789	156.803321
775.034060	112.791905
775.218313	112.791905
775.402550	88.785677
775.586769	130.796575
775.770971	108.790867
775.955155	82.784120
776.139322	142.799689
776.323472	74.782045
776.507605	40.773223
776.691720	64.779450
776.875817	168.806435
777.059898	62.778931
777.243961	60.778412
777.428007	118.793461
777.612035	74.782045
777.796046	74.782045
777.980040	114.792423
778.164016	112.791905
778.347975	90.786196
778.531917	108.790867
778.715841	56.777374
778.899748	84.784639
779.083638	22.768552
779.267510	132.797094
779.451365	88.785677
779.635202	62.778931
779.819022	96.787753
780.002825	110.791386
780.186611	32.771147
780.370379	58.777893
780.554129	118.793461
780.737863	114.792423
780.921579	102.789310
781.105277	146.800727
781.288958	48.775298
781.472622	66.779969
781.656268	128.796056
781.839898	82.784120
782.023509	120.793980
782.207103	86.785158
782.390680	60.778412
782.574240	74.782045
782.757782	108.790867
782.941306	82.784120
783.124814	110.791386
783.308304	96.787753
783.491776	112.791905
783.675231	140.799170
783.858669	48.775298
784.042089	74.782045
784.225492	58.777893
784.408878	46.774779
784.592246	36.772185
784.775596	134.797613
784.958929	120.793980
785.142245	80.783601
785.325544	70.781007
785.508825	48.775298
785.692088	110.791386
785.875334	94.787234
786.058563	30.770628
786.241774	66.779969
786.424968	42.773742
786.608145	118.793461
786.791304	126.795537
786.974445	82.784120
787.157569	48.775298
787.340676	40.773223
787.523765	54.776855
787.706837	86.785158
787.889892	140.799170
788.072929	70.781007
788.255948	66.779969
788.438950	106.790348
788.621935	66.779969
788.804902	40.773223
788.987852	82.784120
789.170784	80.783601
789.353699	100.788791
789.536596	60.778412
789.719476	2.763363
789.902338	76.782564
790.085183	146.800727
790.268011	112.791905
790.450821	104.789829
790.633614	108.790867
790.816389	64.779450
790.999146	180.809549
791.181887	122.794499
791.364609	98.788272
791.547314	8.764920
791.730002	154.802802
791.912673	120.793980
792.095325	84.784639
792.277961	120.793980
792.460578	82.784120
792.643179	96.787753
792.825762	30.770628
793.008327	124.795018
793.190875	102.789310
793.373405	80.783601
793.555918	90.786196
793.738414	102.789310
793.920891	60.778412
794.103352	50.775817
794.285795	118.793461
794.468220	72.781526
794.650628	90.786196
794.833018	148.801245
795.015391	112.791905
795.197747	154.802802
795.380085	110.791386
795.562405	104.789829
795.744708	68.780488
795.926993	22.768552
796.109261	56.777374
796.291511	134.797613
796.473744	102.789310
796.655959	96.787753
796.838157	74.782045
797.020337	146.800727
797.202500	122.794499
797.384645	130.796575
797.566772	82.784120
797.748883	116.792942
797.930975	48.775298
798.113050	92.786715
798.295108	124.795018
798.477147	112.791905
798.659170	52.776336
798.841175	94.787234
799.023162	156.803321
799.205132	44.774261
799.387084	78.783083
799.569018	108.790867
799.750936	122.794499
799.932835	100.788791
800.114717	84.784639
800.296582	54.776855
800.478428	84.784639
800.660258	108.790867
800.842069	64.779450
801.023864	152.802283
801.205640	62.778931
801.387399	100.788791
801.569141	92.786715
801.750865	82.784120
801.932571	62.778931
802.114260	122.794499
802.295931	52.776336
802.477584	60.778412
802.659220	84.784639
802.840839	22.768552
803.022440	80.783601
803.204023	108.790867
803.385589	52.776336
803.567137	132.797094
803.748667	58.777893
803.930180	54.776855
804.111676	124.795018
804.293153	144.800208
804.474613	44.774261
804.656056	44.774261
804.837481	130.796575
805.018888	128.796056
805.200278	126.795537
805.381650	176.808511
805.563005	64.779450
805.744341	88.785677
805.925661	118.793461
806.106962	162.804878
806.288246	106.790348
806.469513	14.766476
806.650762	138.798651
806.831993	110.791386
807.013207	88.785677
807.194403	60.778412
807.375581	62.778931
807.556742	32.771147
807.737885	74.782045
807.919010	94.787234
808.100118	20.768033
808.281208	94.787234
808.462281	86.785158
808.643336	140.799170
808.824373	54.776855
809.005393	48.775298
809.186395	110.791386
809.367379	110.791386
809.548346	68.780488
809.729295	74.782045
809.910226	66.779969
810.091140	118.793461
810.272036	118.793461
810.452915	-3.238194
810.633775	44.774261
810.814619	104.789829
810.995444	82.784120
811.176252	154.802802
811.357042	172.807473
811.537815	100.788791
811.718569	42.773742
811.899307	92.786715
812.080026	112.791905
812.260728	112.791905
812.441412	116.792942
812.622079	60.778412
812.802727	92.786715
812.983359	66.779969
813.163972	126.795537
813.344568	116.792942
813.525146	48.775298
813.705706	112.791905
813.886249	120.793980
814.066774	46.774779
814.247281	136.798132
814.427771	82.784120
814.608243	86.785158
814.788697	130.796575
814.969134	130.796575
815.149553	90.786196
815.329954	8.764920
815.510337	154.802802
815.690703	100.788791
815.871051	132.797094
816.051382	40.773223
816.231694	134.797613
816.411989	84.784639
816.592266	96.787753
816.772526	72.781526
816.952768	90.786196
817.132992	110.791386
817.313198	108.790867
817.493387	102.789310
817.673558	98.788272
817.853711	88.785677
818.033846	146.800727
818.213964	60.778412
818.394064	54.776855
818.574146	84.784639
818.754211	134.797613
818.934258	108.790867
819.114287	96.787753
819.294298	158.803840
819.474292	124.795018
819.654267	82.784120
819.834226	96.787753
820.014166	118.793461
820.194089	94.787234
820.373993	60.778412
820.553881	84.784639
820.733750	106.790348
820.913602	138.798651
821.093435	58.777893
821.273252	56.777374
821.453050	128.796056
821.632830	152.802283
821.812593	128.796056
821.992338	72.781526
822.172066	90.786196
822.351775	138.798651
822.531467	58.777893
822.711141	62.778931
822.890797	126.795537
823.070436	24.769071
823.250056	116.792942
823.429659	52.776336
823.609244	102.789310
823.788812	98.788272
823.968361	94.787234
824.147893	0.762844
824.327407	80.783601
824.506903	118.793461
824.686381	104.789829
824.865842	90.786196
825.045285	90.786196
825.224710	86.785158
825.404117	110.791386
825.583507	78.783083
825.762878	76.782564
825.942232	-11.240270
826.121568	158.803840
826.300886	86.785158
826.480187	30.770628
826.659469	160.804359
826.838734	144.800208
827.017981	70.781007
827.197210	62.778931
827.376422	22.768552
827.555615	74.782045
827.734791	162.804878
827.913949	86.785158
828.093089	98.788272
828.272211	78.783083
828.451315	52.776336
828.630402	12.765957
828.809471	54.776855
828.988522	104.789829
829.167555	98.788272
829.346570	16.766995
829.525568	120.793980
829.704547	54.776855
829.883509	70.781007
830.062453	68.780488
830.241379	150.801764
830.420287	102.789310
830.599177	82.784120
830.778050	66.779969
830.956905	68.780488
831.135742	90.786196
831.314561	114.792423
831.493362	48.775298
831.672145	120.793980
831.850910	92.786715
832.029658	68.780488
832.208388	104.789829
832.387099	134.797613
832.565793	138.798651
832.744469	68.780488
832.923128	152.802283
833.101768	50.775817
833.280391	146.800727
833.458995	124.795018
833.637582	88.785677
833.816151	114.792423
833.994702	96.787753
834.173235	20.768033
834.351750	52.776336
834.530247	18.767514
834.708727	120.793980
834.887188	94.787234
835.065632	44.774261
835.244058	52.776336
835.422466	24.769071
835.600856	94.787234
835.779228	2.763363
835.957582	40.773223
836.135918	108.790867
836.314237	54.776855
836.492537	138.798651
836.670820	96.787753
836.849084	18.767514
837.027331	-19.242346
837.205560	146.800727
837.383771	72.781526
837.561964	126.795537
837.740139	124.795018
837.918296	112.791905
838.096436	48.775298
838.274557	130.796575
838.452660	134.797613
838.630746	128.796056
838.808814	62.778931
838.986863	66.779969
839.164895	96.787753
839.342909	66.779969
839.520905	78.783083
839.698883	82.784120
839.876843	44.774261
840.054785	54.776855
840.232709	80.783601
840.410615	14.766476
840.588503	104.789829
840.766374	64.779450
840.944226	42.773742
841.122060	110.791386
841.299877	102.789310
841.477675	158.803840
841.655456	130.796575
841.833218	68.780488
842.010963	42.773742
842.188690	114.792423
842.366399	74.782045
842.544089	140.799170
842.721762	80.783601
842.899417	104.789829
843.077054	76.782564
843.254673	32.771147
843.432274	104.789829
843.609857	86.785158
843.787422	66.779969
843.964969	44.774261
844.142498	150.801764
844.320009	102.789310
844.497502	114.792423
844.674977	196.813700
844.852434	120.793980
845.029873	114.792423
845.207294	82.784120
845.384697	96.787753
845.562083	72.781526
845.739450	86.785158
845.916799	80.783601
846.094130	140.799170
846.271443	66.779969
846.448738	138.798651
846.626016	-1.237675
846.803275	62.778931
846.980516	124.795018
847.157739	60.778412
847.334944	84.784639
847.512131	86.785158
847.689301	134.797613
847.866452	56.777374
848.043585	100.788791
848.220700	64.779450
848.397797	58.777893
848.574876	126.795537
848.751937	114.792423
848.928980	52.776336
849.106005	122.794499
849.283012	116.792942
849.460001	198.814219
849.636972	80.783601
849.813925	84.784639
849.990859	144.800208
850.167776	144.800208
850.344675	134.797613
850.521556	102.789310
850.698418	176.808511
850.875263	34.771666
851.052090	94.787234
851.228898	126.795537
851.405689	22.768552
851.582461	46.774779
851.759216	56.777374
851.935952	78.783083
852.112670	58.777893
852.289370	22.768552
852.466053	102.789310
852.642717	134.797613
852.819363	90.786196
852.995991	72.781526
853.172601	98.788272
853.349193	94.787234
853.525766	134.797613
853.702322	60.778412
853.878860	106.790348
854.055379	68.780488
854.231881	78.783083
854.408364	122.794499
854.584830	100.788791
854.761277	56.777374
854.937706	116.792942
855.114117	66.779969
855.290510	96.787753
855.466885	116.792942
855.643242	90.786196
855.819581	92.786715
855.995901	144.800208
856.172204	50.775817
856.348488	100.788791
856.524755	112.791905
856.701003	24.769071
856.877233	90.786196
857.053445	96.787753
857.229639	80.783601
857.405815	58.777893
857.581973	90.786196
857.758113	72.781526
857.934234	78.783083
858.110338	110.791386
858.286423	76.782564
858.462490	116.792942
858.638539	98.788272
858.814570	146.800727
858.990583	50.775817
859.166578	140.799170
859.342554	52.776336
859.518513	132.797094
859.694453	120.793980
859.870375	136.798132
860.046279	60.778412
860.222165	60.778412
860.398033	148.801245
860.573883	126.795537
860.749714	98.788272
860.925528	100.788791
861.101323	156.803321
861.277100	84.784639
861.452859	86.785158
861.628600	100.788791
861.804322	136.798132
861.980027	144.800208
862.155713	56.777374
862.331381	54.776855
862.507031	136.798132
862.682663	122.794499
862.858277	34.771666
863.033873	58.777893
863.209450	138.798651
863.385009	154.802802
863.560550	96.787753
863.736073	152.802283
863.911578	132.797094
864.087065	96.787753
864.262533	64.779450
864.437983	30.770628
864.613415	98.788272
864.788829	52.776336
864.964225	166.805916
865.139602	74.782045
865.314962	86.785158
865.490303	116.792942
865.665626	48.775298
865.840930	130.796575
866.016217	24.769071
866.191485	82.784120
866.366735	4.763882
866.541967	30.770628
866.717181	104.789829
866.892377	94.787234
867.067554	44.774261
867.242713	28.770109
867.417854	86.785158
867.592977	134.797613
867.768082	10.765439
867.943168	76.782564
868.118236	68.780488
868.293286	102.789310
868.468318	118.793461
868.643331	96.787753
868.818327	84.784639
868.993304	92.786715
869.168263	150.801764
869.343203	134.797613
869.518126	86.785158
869.693030	96.787753
869.867916	112.791905
870.042783	182.810067
870.217633	138.798651
870.392464	82.784120
870.567277	54.776855
870.742072	46.774779
870.916848	38.772704
871.091607	88.785677
871.266347	92.786715
871.441069	126.795537
871.615772	66.779969
871.790458	142.799689
871.965125	54.776855
872.139773	96.787753
872.314404	94.787234
872.489016	104.789829
872.663610	46.774779
872.838186	62.778931
873.012744	130.796575
873.187283	102.789310
873.361804	86.785158
873.536307	146.800727
873.710791	-21.242865
873.885258	108.790867
874.059705	142.799689
874.234135	78.783083
874.408547	156.803321
874.582940	80.783601
874.757315	128.796056
874.931671	74.782045
875.106009	102.789310
875.280329	156.803321
875.454631	46.774779
875.628915	78.783083
875.803180	108.790867
875.977427	78.783083
876.151655	92.786715
876.325866	138.798651
876.500058	66.779969
876.674231	44.774261
876.848387	134.797613
877.022524	124.795018
877.196643	44.774261
877.370743	92.786715
877.544825	96.787753
877.718889	126.795537
877.892935	64.779450
878.066962	48.775298
878.240971	-3.238194
878.414962	146.800727
878.588934	34.771666
878.762888	122.794499
878.936824	74.782045
879.110741	48.775298
879.284640	40.773223
879.458521	28.770109
879.632384	156.803321
879.806228	60.778412
879.980053	62.778931
880.153861	122.794499
880.327650	72.781526
880.501421	68.780488
880.675173	96.787753
880.848907	98.788272
881.022623	116.792942
881.196320	62.778931
881.370000	72.781526
881.543660	38.772704
881.717303	56.777374
881.890927	108.790867
882.064532	110.791386
882.238120	126.795537
882.411689	62.778931
882.585239	146.800727
882.758772	20.768033
882.932286	78.783083
883.105781	142.799689
883.279259	98.788272
883.452717	72.781526
883.626158	152.802283
883.799580	182.810067
883.972984	106.790348
884.146369	8.764920
884.319736	126.795537
884.493085	102.789310
884.666415	142.799689
884.839727	68.780488
885.013020	106.790348
885.186296	102.789310
885.359552	86.785158
885.532791	66.779969
885.706011	104.789829
885.879212	76.782564
886.052396	154.802802
886.225560	94.787234
886.398707	104.789829
886.571835	30.770628
886.744945	100.788791
886.918036	72.781526
887.091109	98.788272
887.264163	146.800727
887.437199	82.784120
887.610217	64.779450
887.783216	38.772704
887.956197	196.813700
888.129159	100.788791
888.302103	80.783601
888.475029	66.779969
888.647936	158.803840
888.820825	112.791905
888.993695	84.784639
889.166547	110.791386
889.339381	28.770109
889.512196	66.779969
889.684992	78.783083
889.857771	108.790867
890.030530	18.767514
890.203272	96.787753
890.375995	88.785677
890.548699	166.805916
890.721385	44.774261
890.894053	128.796056
891.066702	82.784120
891.239333	86.785158
891.411945	46.774779
891.584539	16.766995
891.757115	-13.240789
891.929672	32.771147
892.102210	74.782045
892.274730	66.779969
892.447232	46.774779
892.619715	132.797094
892.792180	42.773742
892.964626	28.770109
893.137054	80.783601
893.309463	82.784120
893.481854	100.788791
893.654227	100.788791
893.826581	36.772185
893.998916	106.790348
894.171233	112.791905
894.343532	88.785677
894.515812	96.787753
894.688074	148.801245
894.860317	88.785677
895.032541	110.791386
895.204748	130.796575
895.376935	22.768552
895.549105	112.791905
895.721255	154.802802
895.893388	78.783083
896.065501	148.801245
896.237597	90.786196
896.409673	98.788272
896.581732	60.778412
896.753771	94.787234
896.925793	72.781526
897.097796	108.790867
897.269780	60.778412
897.441746	128.796056
897.613693	42.773742
897.785622	138.798651
897.957532	168.806435
898.129424	88.785677
898.301297	126.795537
898.473152	64.779450
898.644988	108.790867
898.816806	90.786196
898.988605	74.782045
899.160386	66.779969
899.332148	26.769590
899.503892	84.784639
899.675617	108.790867
899.847323	88.785677
900.019011	36.772185
900.190681	136.798132
900.362332	76.782564
900.533964	152.802283
900.705578	46.774779
900.877174	196.813700
901.048751	46.774779
901.220309	148.801245
901.391849	10.765439
901.563370	130.796575
901.734873	4.763882
901.906357	166.805916
902.077823	96.787753
902.249270	100.788791
902.420698	112.791905
902.592108	8.764920
902.763499	86.785158
902.934872	130.796575
903.106227	124.795018
903.277562	66.779969
903.448879	98.788272
903.620178	150.801764
903.791458	116.792942
903.962720	72.781526
904.133962	152.802283
904.305187	112.791905
904.476393	90.786196
904.647580	100.788791
904.818748	90.786196
904.989898	118.793461
905.161030	18.767514
905.332143	48.775298
905.503237	132.797094
905.674313	32.771147
905.845370	94.787234
906.016408	76.782564
906.187428	138.798651
906.358430	108.790867
906.529412	118.793461
906.700377	142.799689
906.871322	96.787753
907.042249	64.779450
907.213158	108.790867
907.384047	150.801764
907.554918	90.786196
907.725771	46.774779
907.896605	98.788272
908.067420	104.789829
908.238217	46.774779
908.408995	144.800208
908.579755	86.785158
908.750496	104.789829
908.921218	106.790348
909.091922	166.805916
909.262607	94.787234
909.433273	70.781007
909.603921	26.769590
909.774550	140.799170
909.945161	94.787234
910.115752	110.791386
910.286326	110.791386
910.456880	136.798132
910.627416	32.771147
910.797934	106.790348
910.968433	46.774779
911.138913	114.792423
911.309374	54.776855
911.479817	102.789310
911.650241	8.764920
911.820647	134.797613
911.991033	28.770109
912.161402	78.783083
912.331751	98.788272
912.502082	138.798651
912.672395	134.797613
912.842688	68.780488
913.012963	90.786196
913.183219	120.793980
913.353457	80.783601
913.523676	30.770628
913.693876	84.784639
913.864058	32.771147
914.034221	6.764401
914.204365	98.788272
914.374491	90.786196
914.544598	168.806435
914.714686	114.792423
914.884756	110.791386
915.054807	72.781526
915.224839	68.780488
915.394853	182.810067
915.564847	140.799170
915.734824	94.787234
915.904781	90.786196
916.074720	128.796056
916.244640	90.786196
916.414542	84.784639
916.584424	58.777893
916.754288	44.774261
916.924134	98.788272
917.093960	72.781526
917.263768	144.800208
917.433558	88.785677
917.603328	44.774261
917.773080	36.772185
917.942813	194.813181
918.112527	70.781007
918.282223	98.788272
918.451900	76.782564
918.621558	136.798132
918.791198	132.797094
918.960819	122.794499
919.130421	44.774261
919.300004	168.806435
919.469569	54.776855
919.639115	72.781526
919.808642	88.785677
919.978151	56.777374
920.147641	42.773742
920.317112	134.797613
920.486564	98.788272
920.655997	82.784120
920.825412	94.787234
920.994808	80.783601
921.164186	142.799689
921.333544	136.798132
921.502884	128.796056
921.672205	94.787234
921.841508	30.770628
922.010791	82.784120
922.180056	154.802802
922.349302	90.786196
922.518530	90.786196
922.687738	130.796575
922.856928	32.771147
923.026099	96.787753
923.195252	96.787753
923.364385	64.779450
923.533500	108.790867
923.702596	74.782045
923.871673	78.783083
924.040732	114.792423
924.209771	86.785158
924.378792	132.797094
924.547795	60.778412
924.716778	134.797613
924.885743	136.798132
925.054688	106.790348
925.223615	52.776336
925.392524	60.778412
925.561413	114.792423
925.730284	46.774779
925.899136	64.779450
926.067969	80.783601
926.236783	60.778412
926.405579	52.776336
926.574356	110.791386
926.743114	86.785158
926.911853	110.791386
927.080573	140.799170
927.249275	72.781526
927.417957	166.805916
927.586621	-5.238713
927.755266	98.788272
927.923893	24.769071
928.092500	158.803840
928.261089	82.784120
928.429659	116.792942
928.598210	40.773223
928.766742	82.784120
928.935256	62.778931
929.103750	112.791905
929.272226	172.807473
929.440683	30.770628
929.609121	152.802283
929.777540	102.789310
929.945941	62.778931
930.114322	88.785677
930.282685	82.784120
930.451029	150.801764
930.619354	62.778931
930.787661	110.791386
930.955948	82.784120
931.124217	52.776336
931.292466	82.784120
931.460697	78.783083
931.628909	34.771666
931.797103	120.793980
931.965277	12.765957
932.133433	72.781526
932.301569	42.773742
932.469687	-3.238194
932.637786	110.791386
932.805866	108.790867
932.973927	18.767514
933.141970	148.801245
933.309993	76.782564
933.477998	54.776855
933.645984	124.795018
933.813951	52.776336
933.981899	64.779450
934.149828	148.801245
934.317738	66.779969
934.485629	152.802283
934.653502	144.800208
934.821356	30.770628
934.989190	128.796056
935.157006	112.791905
935.324803	74.782045
935.492581	110.791386
935.660341	86.785158
935.828081	118.793461
935.995802	54.776855
936.163505	60.778412
936.331189	114.792423
936.498853	42.773742
936.666499	106.790348
936.834126	134.797613
937.001734	164.805397
937.169323	112.791905
937.336894	156.803321
937.504445	68.780488
937.671977	42.773742
937.839491	100.788791
938.006985	98.788272
938.174461	68.780488
938.341918	72.781526
938.509356	88.785677
938.676775	28.770109
938.844175	100.788791
939.011556	72.781526
939.178918	98.788272
939.346261	74.782045
939.513586	136.798132
939.680891	60.778412
939.848177	38.772704
940.015445	48.775298
940.182693	128.796056
940.349923	114.792423
940.517134	96.787753
940.684326	98.788272
940.851498	126.795537
941.018652	118.793461
941.185787	116.792942
941.352903	46.774779
941.520000	20.768033
941.687078	74.782045
941.854137	98.788272
942.021178	144.800208
942.188199	94.787234
942.355201	124.795018
942.522184	32.771147
942.689149	180.809549
942.856094	114.792423
943.023021	90.786196
943.189928	164.805397
943.356817	106.790348
943.523686	80.783601
943.690537	124.795018
943.857368	72.781526
944.024181	56.777374
944.190974	60.778412
944.357749	46.774779
944.524505	80.783601
944.691241	66.779969
944.857959	34.771666
945.024658	132.797094
945.191338	118.793461
945.357998	58.777893
945.524640	72.781526
945.691263	136.798132
945.857867	96.787753
946.024451	26.769590
946.191017	100.788791
946.357564	86.785158
946.524092	90.786196
946.690601	142.799689
946.857090	84.784639
947.023561	36.772185
947.190013	134.797613
947.356446	108.790867
947.522859	102.789310
947.689254	68.780488
947.855630	68.780488
948.021986	18.767514
948.188324	116.792942
948.354643	74.782045
948.520942	120.793980
948.687223	88.785677
948.853485	128.796056
949.019727	108.790867
949.185951	104.789829
949.352155	90.786196
949.518341	126.795537
949.684507	94.787234
949.850655	120.793980
950.016783	2.763363
950.182892	124.795018
950.348983	62.778931
950.515054	86.785158
950.681106	66.779969
950.847139	108.790867
951.013153	52.776336
951.179148	142.799689
951.345124	94.787234
951.511081	44.774261
951.677019	88.785677
951.842938	52.776336
952.008838	130.796575
952.174719	94.787234
952.340580	32.771147
952.506423	126.795537
952.672247	16.766995
952.838051	124.795018
953.003837	78.783083
953.169603	78.783083
953.335350	114.792423
953.501078	46.774779
953.666788	80.783601
953.832478	118.793461
953.998149	162.804878
954.163800	40.773223
954.329433	82.784120
954.495047	38.772704
954.660642	46.774779
954.826217	96.787753
954.991774	22.768552
955.157311	76.782564
955.322829	98.788272
955.488329	62.778931
955.653809	170.806954
955.819270	74.782045
955.984712	48.775298
956.150134	48.775298
956.315538	34.771666
956.480923	96.787753
956.646288	4.763882
956.811635	98.788272
956.976962	90.786196
957.142270	132.797094
957.307559	178.809030
957.472829	112.791905
957.638080	64.779450
957.803312	132.797094
957.968524	104.789829
958.133718	104.789829
958.298892	82.784120
958.464047	118.793461
958.629184	132.797094
958.794301	54.776855
958.959398	134.797613
959.124477	100.788791
959.289537	50.775817
959.454577	132.797094
959.619598	58.777893
959.784601	102.789310
959.949584	68.780488
960.114548	140.799170
960.279492	88.785677
960.444418	84.784639
960.609324	174.807992
960.774212	140.799170
960.939080	44.774261
961.103929	38.772704
961.268759	104.789829
961.433569	74.782045
961.598361	68.780488
961.763133	44.774261
961.927887	74.782045
962.092621	138.798651
962.257336	16.766995
962.422031	48.775298
962.586708	-3.238194
962.751365	68.780488
962.916004	56.777374
963.080623	102.789310
963.245222	82.784120
963.409803	128.796056
963.574365	100.788791
963.738907	82.784120
963.903430	90.786196
964.067934	148.801245
964.232419	78.783083
964.396885	64.779450
964.561331	92.786715
964.725758	84.784639
964.890166	112.791905
965.054555	114.792423
965.218925	70.781007
965.383275	144.800208
965.547607	60.778412
965.711919	106.790348
965.876212	144.800208
966.040485	78.783083
966.204740	122.794499
966.368975	176.808511
966.533191	116.792942
966.697388	70.781007
966.861565	42.773742
967.025724	36.772185
967.189863	86.785158
967.353983	148.801245
967.518084	102.789310
967.682165	44.774261
967.846228	96.787753
968.010271	126.795537
968.174294	132.797094
968.338299	150.801764
968.502285	108.790867
968.666251	98.788272
968.830198	78.783083
968.994125	84.784639
969.158034	98.788272
969.321923	128.796056
969.485793	132.797094
969.649644	6.764401
969.813475	84.784639
969.977288	108.790867
970.141081	102.789310
970.304854	168.806435
970.468609	54.776855
970.632344	164.805397
970.796060	76.782564
970.959757	162.804878
971.123434	174.807992
971.287093	94.787234
971.450732	104.789829
971.614351	68.780488
971.777952	140.799170
971.941533	154.802802
972.105095	46.774779
972.268638	50.775817
972.432161	92.786715
972.595665	12.765957
972.759150	92.786715
972.922616	82.784120
973.086062	100.788791
973.249489	176.808511
973.412897	56.777374
973.576285	76.782564
973.739654	116.792942
973.903004	56.777374
974.066335	6.764401
974.229646	142.799689
974.392938	80.783601
974.556211	152.802283
974.719464	126.795537
974.882698	94.787234
975.045913	86.785158
975.209109	150.801764
975.372285	118.793461
975.535442	94.787234
975.698579	94.787234
975.861698	90.786196
976.024797	58.777893
976.187876	62.778931
976.350937	130.796575
976.513978	50.775817
976.677000	76.782564
976.840002	104.789829
977.002985	14.766476
977.165949	60.778412
977.328894	152.802283
977.491819	100.788791
977.654725	110.791386
977.817611	86.785158
977.980478	100.788791
978.143326	82.784120
978.306155	68.780488
978.468964	90.786196
978.631754	58.777893
978.794524	172.807473
978.957275	84.784639
979.120007	108.790867
979.282720	92.786715
979.445413	200.814738
979.608086	128.796056
979.770741	100.788791
979.933376	92.786715
980.095992	84.784639
980.258588	102.789310
980.421165	78.783083
980.583723	80.783601
980.746261	100.788791
980.908780	68.780488
981.071280	102.789310
981.233760	118.793461
981.396221	10.765439
981.558662	108.790867
981.721084	112.791905
981.883487	62.778931
982.045871	130.796575
982.208235	60.778412
982.370579	156.803321
982.532905	114.792423
982.695210	162.804878
982.857497	140.799170
983.019764	56.777374
983.182012	120.793980
983.344240	100.788791
983.506449	136.798132
983.668639	112.791905
983.830809	62.778931
983.992960	102.789310
984.155091	64.779450
984.317203	86.785158
984.479296	-17.241827
984.641369	42.773742
984.803423	54.776855
984.965457	58.777893
985.127472	-1.237675
985.289468	58.777893
985.451444	64.779450
985.613401	98.788272
985.775338	72.781526
985.937256	94.787234
986.099155	52.776336
986.261034	146.800727
986.422893	100.788791
986.584734	102.789310
986.746555	70.781007
986.908356	108.790867
987.070138	100.788791
987.231901	60.778412
987.393644	158.803840
987.555367	74.782045
987.717072	84.784639
987.878757	44.774261
988.040422	36.772185
988.202068	158.803840
988.363695	76.782564
988.525302	104.789829
988.686889	40.773223
988.848458	96.787753
989.010006	46.774779
989.171536	80.783601
989.333046	126.795537
989.494536	82.784120
989.656007	74.782045
989.817458	54.776855
989.978891	62.778931
990.140303	102.789310
990.301696	64.779450
990.463070	156.803321
990.624424	134.797613
990.785759	94.787234
990.947074	54.776855
991.108370	58.777893
991.269646	44.774261
991.430903	86.785158
991.592141	122.794499
991.753359	102.789310
991.914557	124.795018
992.075736	80.783601
992.236896	114.792423
992.398036	64.779450
992.559156	26.769590
992.720257	20.768033
992.881339	154.802802
993.042401	72.781526
993.203443	110.791386
993.364466	60.778412
993.525470	64.779450
993.686454	168.806435
993.847419	138.798651
994.008364	142.799689
994.169289	84.784639
994.330196	114.792423
994.491082	70.781007
994.651949	112.791905
994.812797	62.778931
994.973625	4.763882
995.134433	108.790867
995.295223	6.764401
995.455992	78.783083
995.616742	30.770628
995.777473	40.773223
995.938184	152.802283
996.098875	70.781007
996.259547	74.782045
996.420199	110.791386
996.580832	118.793461
996.741446	102.789310
996.902039	106.790348
997.062614	164.805397
997.223168	162.804878
997.383704	74.782045
997.544219	82.784120
997.704716	-15.241308
997.865192	52.776336
998.025649	68.780488
998.186087	88.785677
998.346505	104.789829
998.506903	166.805916
998.667282	104.789829
998.827641	116.792942
998.987981	86.785158
999.148301	70.781007
999.308602	98.788272
999.468883	42.773742
999.629145	84.784639
999.789387	174.807992
999.949609	82.784120
1000.109812	68.780488
1000.269995	24.769071
1000.430159	120.793980
1000.590303	94.787234
1000.750428	112.791905
1000.910533	52.776336
1001.070618	42.773742
1001.230684	86.785158
1001.390730	122.794499
1001.550757	10.765439
1001.710764	140.799170
1001.870752	136.798132
1002.030720	126.795537
1002.190668	28.770109
1002.350597	160.804359
1002.510506	76.782564
1002.670395	58.777893
1002.830265	90.786196
1002.990116	88.785677
1003.149947	118.793461
1003.309758	136.798132
1003.469550	124.795018
1003.629322	36.772185
1003.789074	74.782045
1003.948807	94.787234
1004.108520	110.791386
1004.268213	92.786715
1004.427887	32.771147
1004.587542	176.808511
1004.747177	82.784120
1004.906792	34.771666
1005.066387	116.792942
1005.225963	134.797613
1005.385519	70.781007
1005.545056	40.773223
1005.704573	108.790867
1005.864070	84.784639
1006.023548	134.797613
1006.183006	162.804878
1006.342445	118.793461
1006.501864	88.785677
1006.661263	80.783601
1006.820642	126.795537
1006.980002	104.789829
1007.139343	86.785158
1007.298663	126.795537
1007.457964	110.791386
1007.617246	38.772704
1007.776508	82.784120
1007.935750	114.792423
1008.094972	58.777893
1008.254175	90.786196
1008.413358	118.793461
1008.572522	40.773223
1008.731665	80.783601
1008.890790	128.796056
1009.049894	104.789829
1009.208979	86.785158
1009.368044	118.793461
1009.527090	114.792423
1009.686115	74.782045
1009.845122	94.787234
1010.004108	18.767514
1010.163075	70.781007
1010.322022	108.790867
1010.480950	108.790867
1010.639857	98.788272
1010.798745	116.792942
1010.957614	66.779969
1011.116463	108.790867
1011.275292	112.791905
1011.434101	136.798132
1011.592891	104.789829
1011.751661	92.786715
1011.910411	16.766995
1012.069142	86.785158
1012.227853	110.791386
1012.386544	34.771666
1012.545215	100.788791
1012.703867	114.792423
1012.862499	122.794499
1013.021112	86.785158
1013.179705	80.783601
1013.338278	60.778412
1013.496831	108.790867
1013.655364	128.796056
1013.813878	102.789310
1013.972372	114.792423
1014.130847	48.775298
1014.289302	116.792942
1014.447737	130.796575
1014.606152	34.771666
1014.764547	152.802283
1014.922923	14.766476
1015.081279	88.785677
1015.239616	88.785677
1015.397932	148.801245
1015.556229	82.784120
1015.714507	62.778931
1015.872764	78.783083
1016.031002	158.803840
1016.189220	88.785677
1016.347418	100.788791
1016.505597	94.787234
1016.663755	38.772704
1016.821894	90.786196
1016.980014	62.778931
1017.138113	92.786715
1017.296193	102.789310
1017.454253	202.815257
1017.612293	28.770109
1017.770314	110.791386
1017.928314	100.788791
1018.086295	38.772704
1018.244257	40.773223
1018.402198	24.769071
1018.560120	134.797613
1018.718022	28.770109
1018.875904	46.774779
1019.033766	102.789310
1019.191609	98.788272
1019.349432	110.791386
1019.507235	96.787753
1019.665018	98.788272
1019.822782	54.776855
1019.980525	44.774261
1020.138249	106.790348
1020.295954	130.796575
1020.453638	92.786715
1020.611303	14.766476
1020.768947	144.800208
1020.926573	192.812662
1021.084178	124.795018
1021.241763	132.797094
1021.399329	26.769590
1021.556875	102.789310
1021.714401	170.806954
1021.871907	72.781526
1022.029394	92.786715
1022.186860	80.783601
1022.344307	90.786196
1022.501734	100.788791
1022.659141	186.811105
1022.816529	84.784639
1022.973896	74.782045
1023.131244	60.778412
1023.288572	108.790867
1023.445880	96.787753
1023.603169	84.784639
1023.760437	32.771147
1023.917686	100.788791
1024.074915	96.787753
1024.232124	166.805916
1024.389313	40.773223
1024.546482	78.783083
1024.703632	88.785677
1024.860762	158.803840
1025.017872	78.783083
1025.174962	106.790348
1025.332032	166.805916
1025.489082	94.787234
1025.646113	110.791386
1025.803124	30.770628
1025.960114	148.801245
1026.117085	54.776855
1026.274037	42.773742
1026.430968	90.786196
1026.587879	74.782045
1026.744771	100.788791
1026.901643	-17.241827
1027.058495	84.784639
1027.215327	136.798132
1027.372139	120.793980
1027.528931	-15.241308
1027.685704	34.771666
1027.842456	32.771147
1027.999189	130.796575
1028.155902	50.775817
1028.312595	90.786196
1028.469268	124.795018
1028.625921	134.797613
1028.782554	36.772185
1028.939168	28.770109
1029.095761	96.787753
1029.252335	100.788791
1029.408889	94.787234
1029.565423	92.786715
1029.721937	-7.239232
1029.878431	42.773742
1030.034905	120.793980
1030.191360	90.786196
1030.347794	112.791905
1030.504209	154.802802
1030.660604	80.783601
1030.816978	106.790348
1030.973333	96.787753
1031.129668	86.785158
1031.285984	132.797094
1031.442279	94.787234
1031.598554	44.774261
1031.754809	62.778931
1031.911045	154.802802
1032.067260	104.789829
1032.223456	66.779969
1032.379632	44.774261
1032.535788	82.784120
1032.691924	156.803321
1032.848040	156.803321
